//Thermal conductivity in units of [W m^-1 K^-1]
//This file for sigrafine sglr6510 grahite as used in NSTX-U
(
293.15	105
373.15	96.84466019
473.15	88.27433628
573.15	81.09756098
673.15	75
773.15	69.75524476
873.15	65.19607843
973.15	61.19631902
1073.15	57.65895954
1173.15	54.50819672
1273.15	51.68393782
1373.15	49.13793103
1473.15	46.83098592
1573.15	44.7309417
1673.15	42.8111588
1773.15	41.04938272
1873.15	39.42687747
1973.15	37.92775665
2073.15	36.53846154
2173.15	35.24734982
2273.15	34.0443686
2373.15	32.92079208
2473.15	31.86900958
2573.15	30.88235294
2673.15	29.95495495
2773.15	29.0816326
)
