//Specific Heat Capacity in units of [J kg^-1 K^-1]
//This file for sigrafine sglr6510 grahite as used in NSTX-U
(
293.15	682.1512054
373.15	1035.542489
473.15	1267.899541
573.15	1405.388812
673.15	1499.83848
773.15	1571.932479
873.15	1631.239966
973.15	1682.68124
1073.15	1728.995675
1173.15	1771.806183
1273.15	1812.123436
1373.15	1850.603121
1473.15	1887.685399
1573.15	1923.674399
1673.15	1958.7855
1773.15	1993.1745
1873.15	2026.956189
1973.15	2060.216506
2073.15	2093.020691
2173.15	2125.418877
2273.15	2157.449995
2373.15	2189.144556
2473.15	2220.526658
2573.15	2251.615461
2673.15	2282.42628
2773.15	2312.9714
)
