//Thermal conductivity in units of [W m^-1 K^-1]
//pure molybdenum
//“Thermophysical Properties of Matter-The TPRC Data Series. Volume 10. Thermal Diffusivity,” p. 365.
(
273	139
298	138
300	138
323	138
350	136
373	135
400	134
473	132
500	130
573	127
600	126
673	123
700	122
773	119
800	118
873	116
900	115
973	113
1000	112
1073	109
1100	108
1173	106
1200	105
1273	103
1300	103
1373	101
1400	100
1473	98.5
1500	98
1573	96.6
1600	96
1673	94.8
1700	94.4
1773	93.3
1800	92.9
1873	91.8
1900	91.5
1973	90.6
2000	90.3
2073	89.4
2173	88.5
2200	88.2
2273	87.6
2400	86.6
2473	86.1
2600	85.2
2673	84.8
2800	84
)
