# Field minima and maxima
# Time        	field         	min           	location(min) 	max           	location(max) 
0.01          	T             	2.993905e+02	(5.629355e+02 1.767136e+02 -1.622023e+03)	1.020682e+03	(5.913896e+02 1.035441e+02 -1.631613e+03)
0.02          	T             	2.994389e+02	(5.629355e+02 1.767136e+02 -1.622023e+03)	1.399905e+03	(5.913896e+02 1.035441e+02 -1.631613e+03)
0.03          	T             	2.994603e+02	(5.792674e+02 1.012219e+02 -1.603422e+03)	1.597975e+03	(5.913896e+02 1.035441e+02 -1.631613e+03)
0.04          	T             	2.995815e+02	(5.792674e+02 1.012219e+02 -1.603422e+03)	1.703490e+03	(5.913896e+02 1.035441e+02 -1.631613e+03)
0.05          	T             	2.997669e+02	(5.507107e+02 2.094347e+02 -1.627215e+03)	1.762817e+03	(5.913896e+02 1.035441e+02 -1.631613e+03)
0.06          	T             	2.997482e+02	(5.507107e+02 2.094347e+02 -1.627215e+03)	1.798663e+03	(5.913896e+02 1.035441e+02 -1.631613e+03)
0.07          	T             	2.997477e+02	(5.571675e+02 1.863357e+02 -1.625375e+03)	1.823190e+03	(5.913896e+02 1.035441e+02 -1.631613e+03)
0.08          	T             	2.997190e+02	(5.571915e+02 1.803931e+02 -1.623525e+03)	1.840971e+03	(5.913896e+02 1.035441e+02 -1.631613e+03)
0.09          	T             	2.996923e+02	(5.571915e+02 1.803931e+02 -1.623525e+03)	1.855097e+03	(5.913896e+02 1.035441e+02 -1.631613e+03)
0.1           	T             	2.996713e+02	(5.571915e+02 1.803931e+02 -1.623525e+03)	1.867099e+03	(5.913896e+02 1.035441e+02 -1.631613e+03)
0.11          	T             	2.996566e+02	(5.571915e+02 1.803931e+02 -1.623525e+03)	1.877717e+03	(5.913896e+02 1.035441e+02 -1.631613e+03)
0.12          	T             	2.996481e+02	(5.571915e+02 1.803931e+02 -1.623525e+03)	1.887336e+03	(5.913896e+02 1.035441e+02 -1.631613e+03)
0.13          	T             	2.996460e+02	(5.571915e+02 1.803931e+02 -1.623525e+03)	1.896174e+03	(5.913896e+02 1.035441e+02 -1.631613e+03)
0.14          	T             	2.996501e+02	(5.571915e+02 1.803931e+02 -1.623525e+03)	1.904363e+03	(5.913896e+02 1.035441e+02 -1.631613e+03)
0.15          	T             	2.996604e+02	(5.571915e+02 1.803931e+02 -1.623525e+03)	1.911885e+03	(5.913896e+02 1.035441e+02 -1.631613e+03)
0.16          	T             	2.996768e+02	(5.571915e+02 1.803931e+02 -1.623525e+03)	1.918810e+03	(5.913896e+02 1.035441e+02 -1.631613e+03)
0.17          	T             	2.996989e+02	(5.571915e+02 1.803931e+02 -1.623525e+03)	1.925310e+03	(5.913896e+02 1.035441e+02 -1.631613e+03)
0.18          	T             	2.997267e+02	(5.571915e+02 1.803931e+02 -1.623525e+03)	1.931474e+03	(5.913896e+02 1.035441e+02 -1.631613e+03)
0.19          	T             	2.997599e+02	(5.571915e+02 1.803931e+02 -1.623525e+03)	1.937357e+03	(5.913896e+02 1.035441e+02 -1.631613e+03)
0.2           	T             	2.997984e+02	(5.571915e+02 1.803931e+02 -1.623525e+03)	1.942994e+03	(5.913896e+02 1.035441e+02 -1.631613e+03)
0.21          	T             	2.998417e+02	(5.571915e+02 1.803931e+02 -1.623525e+03)	1.948411e+03	(5.913896e+02 1.035441e+02 -1.631613e+03)
0.22          	T             	2.998899e+02	(5.571915e+02 1.803931e+02 -1.623525e+03)	1.953629e+03	(5.913896e+02 1.035441e+02 -1.631613e+03)
0.23          	T             	2.999426e+02	(5.571915e+02 1.803931e+02 -1.623525e+03)	1.958666e+03	(5.913896e+02 1.035441e+02 -1.631613e+03)
0.24          	T             	2.999700e+02	(5.439190e+02 2.094610e+02 -1.621828e+03)	1.963536e+03	(5.913896e+02 1.035441e+02 -1.631613e+03)
0.25          	T             	2.999719e+02	(5.503114e+02 1.863334e+02 -1.628465e+03)	1.968254e+03	(5.913896e+02 1.035441e+02 -1.631613e+03)
0.26          	T             	2.999731e+02	(5.503114e+02 1.863334e+02 -1.628465e+03)	1.972832e+03	(5.913896e+02 1.035441e+02 -1.631613e+03)
0.27          	T             	2.999750e+02	(5.503114e+02 1.863334e+02 -1.628465e+03)	1.977280e+03	(5.913896e+02 1.035441e+02 -1.631613e+03)
0.28          	T             	2.999774e+02	(5.503114e+02 1.863334e+02 -1.628465e+03)	1.981609e+03	(5.913896e+02 1.035441e+02 -1.631613e+03)
0.29          	T             	2.999806e+02	(5.503114e+02 1.863334e+02 -1.628465e+03)	1.985827e+03	(5.913896e+02 1.035441e+02 -1.631613e+03)
0.3           	T             	2.999845e+02	(5.503114e+02 1.863334e+02 -1.628465e+03)	1.989942e+03	(5.913896e+02 1.035441e+02 -1.631613e+03)
0.31          	T             	2.999891e+02	(5.503114e+02 1.863334e+02 -1.628465e+03)	1.993961e+03	(5.913896e+02 1.035441e+02 -1.631613e+03)
0.32          	T             	2.999945e+02	(5.503114e+02 1.863334e+02 -1.628465e+03)	1.997889e+03	(5.913896e+02 1.035441e+02 -1.631613e+03)
0.33          	T             	2.999998e+02	(5.434188e+02 1.802866e+02 -1.630370e+03)	2.001732e+03	(5.913896e+02 1.035441e+02 -1.631613e+03)
0.34          	T             	2.999999e+02	(5.434188e+02 1.802866e+02 -1.630370e+03)	2.005449e+03	(5.913896e+02 1.035441e+02 -1.631613e+03)
0.35          	T             	2.999999e+02	(5.434188e+02 1.802866e+02 -1.630370e+03)	2.009022e+03	(5.913896e+02 1.035441e+02 -1.631613e+03)
0.36          	T             	2.999999e+02	(5.367888e+02 2.187003e+02 -1.604885e+03)	2.012504e+03	(5.913896e+02 1.035441e+02 -1.631613e+03)
0.37          	T             	2.999999e+02	(5.367888e+02 2.187003e+02 -1.604885e+03)	2.015886e+03	(5.913896e+02 1.035441e+02 -1.631613e+03)
0.38          	T             	2.999999e+02	(5.367888e+02 2.187003e+02 -1.604885e+03)	2.019159e+03	(5.913896e+02 1.035441e+02 -1.631613e+03)
0.39          	T             	2.999999e+02	(5.367888e+02 2.187003e+02 -1.604885e+03)	2.022334e+03	(5.913896e+02 1.035441e+02 -1.631613e+03)
0.4           	T             	2.999999e+02	(5.367888e+02 2.187003e+02 -1.604885e+03)	2.025426e+03	(5.913896e+02 1.035441e+02 -1.631613e+03)
0.41          	T             	2.999999e+02	(5.367888e+02 2.187003e+02 -1.604885e+03)	2.028448e+03	(5.913896e+02 1.035441e+02 -1.631613e+03)
0.42          	T             	2.999999e+02	(5.367888e+02 2.187003e+02 -1.604885e+03)	2.031409e+03	(5.913896e+02 1.035441e+02 -1.631613e+03)
0.43          	T             	2.999999e+02	(5.367888e+02 2.187003e+02 -1.604885e+03)	2.034314e+03	(5.913896e+02 1.035441e+02 -1.631613e+03)
0.44          	T             	2.999999e+02	(5.367888e+02 2.187003e+02 -1.604885e+03)	2.037168e+03	(5.913896e+02 1.035441e+02 -1.631613e+03)
0.45          	T             	2.999999e+02	(5.367888e+02 2.187003e+02 -1.604885e+03)	2.039975e+03	(5.913896e+02 1.035441e+02 -1.631613e+03)
0.46          	T             	3.000000e+02	(5.367888e+02 2.187003e+02 -1.604885e+03)	2.042736e+03	(5.913896e+02 1.035441e+02 -1.631613e+03)
0.47          	T             	3.000000e+02	(5.367888e+02 2.187003e+02 -1.604885e+03)	2.045456e+03	(5.913896e+02 1.035441e+02 -1.631613e+03)
0.48          	T             	3.000000e+02	(5.362413e+02 1.737143e+02 -1.638054e+03)	2.048136e+03	(5.913896e+02 1.035441e+02 -1.631613e+03)
0.49          	T             	3.000000e+02	(5.362413e+02 1.737143e+02 -1.638054e+03)	2.050777e+03	(5.913896e+02 1.035441e+02 -1.631613e+03)
0.5           	T             	3.000000e+02	(5.362413e+02 1.737143e+02 -1.638054e+03)	2.053381e+03	(5.913896e+02 1.035441e+02 -1.631613e+03)
0.51          	T             	3.000000e+02	(5.362413e+02 1.737143e+02 -1.638054e+03)	2.055947e+03	(5.913896e+02 1.035441e+02 -1.631613e+03)
0.52          	T             	3.000000e+02	(5.362413e+02 1.737143e+02 -1.638054e+03)	2.058479e+03	(5.913896e+02 1.035441e+02 -1.631613e+03)
0.53          	T             	3.000000e+02	(5.362413e+02 1.737143e+02 -1.638054e+03)	2.060976e+03	(5.913896e+02 1.035441e+02 -1.631613e+03)
0.54          	T             	3.000000e+02	(5.362413e+02 1.737143e+02 -1.638054e+03)	2.063441e+03	(5.913896e+02 1.035441e+02 -1.631613e+03)
0.55          	T             	3.000000e+02	(5.362413e+02 1.737143e+02 -1.638054e+03)	2.065875e+03	(5.913896e+02 1.035441e+02 -1.631613e+03)
0.56          	T             	3.000000e+02	(5.241164e+02 2.036852e+02 -1.638681e+03)	2.068278e+03	(5.913896e+02 1.035441e+02 -1.631613e+03)
0.57          	T             	3.000000e+02	(5.241164e+02 2.036852e+02 -1.638681e+03)	2.070652e+03	(5.913896e+02 1.035441e+02 -1.631613e+03)
0.58          	T             	3.000000e+02	(5.241164e+02 2.036852e+02 -1.638681e+03)	2.072999e+03	(5.913896e+02 1.035441e+02 -1.631613e+03)
0.59          	T             	3.000000e+02	(5.241164e+02 2.036852e+02 -1.638681e+03)	2.075321e+03	(5.913896e+02 1.035441e+02 -1.631613e+03)
0.6           	T             	3.000000e+02	(5.241164e+02 2.036852e+02 -1.638681e+03)	2.077620e+03	(5.913896e+02 1.035441e+02 -1.631613e+03)
0.61          	T             	3.000000e+02	(5.241164e+02 2.036852e+02 -1.638681e+03)	2.079900e+03	(5.913896e+02 1.035441e+02 -1.631613e+03)
0.62          	T             	3.000000e+02	(5.241164e+02 2.036852e+02 -1.638681e+03)	2.082157e+03	(5.913896e+02 1.035441e+02 -1.631613e+03)
0.63          	T             	3.000000e+02	(5.241164e+02 2.036852e+02 -1.638681e+03)	2.084393e+03	(5.913896e+02 1.035441e+02 -1.631613e+03)
0.64          	T             	3.000000e+02	(5.241164e+02 2.036852e+02 -1.638681e+03)	2.086607e+03	(5.913896e+02 1.035441e+02 -1.631613e+03)
0.65          	T             	3.000000e+02	(5.241164e+02 2.036852e+02 -1.638681e+03)	2.088799e+03	(5.913896e+02 1.035441e+02 -1.631613e+03)
0.66          	T             	3.000000e+02	(5.241164e+02 2.036852e+02 -1.638681e+03)	2.090969e+03	(5.913896e+02 1.035441e+02 -1.631613e+03)
0.67          	T             	3.000000e+02	(5.241164e+02 2.036852e+02 -1.638681e+03)	2.093117e+03	(5.913896e+02 1.035441e+02 -1.631613e+03)
0.68          	T             	3.000000e+02	(5.241164e+02 2.036852e+02 -1.638681e+03)	2.095243e+03	(5.913896e+02 1.035441e+02 -1.631613e+03)
0.69          	T             	3.000000e+02	(5.241268e+02 1.976423e+02 -1.638594e+03)	2.097349e+03	(5.913896e+02 1.035441e+02 -1.631613e+03)
0.7           	T             	3.000000e+02	(5.241268e+02 1.976423e+02 -1.638594e+03)	2.099435e+03	(5.913896e+02 1.035441e+02 -1.631613e+03)
0.71          	T             	3.000000e+02	(5.241268e+02 1.976423e+02 -1.638594e+03)	2.101499e+03	(5.913896e+02 1.035441e+02 -1.631613e+03)
0.72          	T             	3.000000e+02	(5.241268e+02 1.976423e+02 -1.638594e+03)	2.103500e+03	(5.913896e+02 1.035441e+02 -1.631613e+03)
0.73          	T             	3.000000e+02	(5.241268e+02 1.976423e+02 -1.638594e+03)	2.105448e+03	(5.913896e+02 1.035441e+02 -1.631613e+03)
0.74          	T             	3.000000e+02	(5.241268e+02 1.976423e+02 -1.638594e+03)	2.107365e+03	(5.913896e+02 1.035441e+02 -1.631613e+03)
0.75          	T             	3.000000e+02	(5.241268e+02 1.976423e+02 -1.638594e+03)	2.109259e+03	(5.913896e+02 1.035441e+02 -1.631613e+03)
0.76          	T             	3.000000e+02	(5.241268e+02 1.976423e+02 -1.638594e+03)	2.111136e+03	(5.913896e+02 1.035441e+02 -1.631613e+03)
0.77          	T             	3.000000e+02	(5.241268e+02 1.976423e+02 -1.638594e+03)	2.112995e+03	(5.913896e+02 1.035441e+02 -1.631613e+03)
0.78          	T             	3.000000e+02	(5.241268e+02 1.976423e+02 -1.638594e+03)	2.114839e+03	(5.913896e+02 1.035441e+02 -1.631613e+03)
0.79          	T             	3.000000e+02	(5.241268e+02 1.976423e+02 -1.638594e+03)	2.116667e+03	(5.913896e+02 1.035441e+02 -1.631613e+03)
0.8           	T             	3.000000e+02	(5.175754e+02 2.038322e+02 -1.634973e+03)	2.118479e+03	(5.913896e+02 1.035441e+02 -1.631613e+03)
0.81          	T             	3.000000e+02	(5.175754e+02 2.038322e+02 -1.634973e+03)	2.120272e+03	(5.913896e+02 1.035441e+02 -1.631613e+03)
0.82          	T             	3.000000e+02	(5.175754e+02 2.038322e+02 -1.634973e+03)	2.122048e+03	(5.913896e+02 1.035441e+02 -1.631613e+03)
0.83          	T             	3.000000e+02	(5.175754e+02 2.038322e+02 -1.634973e+03)	2.123806e+03	(5.913896e+02 1.035441e+02 -1.631613e+03)
0.84          	T             	3.000000e+02	(5.175754e+02 2.038322e+02 -1.634973e+03)	2.125549e+03	(5.913896e+02 1.035441e+02 -1.631613e+03)
0.85          	T             	3.000000e+02	(5.175754e+02 2.038322e+02 -1.634973e+03)	2.127276e+03	(5.913896e+02 1.035441e+02 -1.631613e+03)
0.86          	T             	3.000000e+02	(5.175754e+02 2.038322e+02 -1.634973e+03)	2.128988e+03	(5.913896e+02 1.035441e+02 -1.631613e+03)
0.87          	T             	3.000000e+02	(5.175754e+02 2.038322e+02 -1.634973e+03)	2.130686e+03	(5.913896e+02 1.035441e+02 -1.631613e+03)
0.88          	T             	3.000000e+02	(5.175754e+02 2.038322e+02 -1.634973e+03)	2.132371e+03	(5.913896e+02 1.035441e+02 -1.631613e+03)
0.89          	T             	3.000000e+02	(5.108711e+02 1.917453e+02 -1.636659e+03)	2.134042e+03	(5.913896e+02 1.035441e+02 -1.631613e+03)
0.9           	T             	3.000000e+02	(5.108711e+02 1.917453e+02 -1.636659e+03)	2.135699e+03	(5.913896e+02 1.035441e+02 -1.631613e+03)
0.91          	T             	3.000000e+02	(5.108711e+02 1.917453e+02 -1.636659e+03)	2.137344e+03	(5.913896e+02 1.035441e+02 -1.631613e+03)
0.92          	T             	3.000000e+02	(4.779573e+02 1.773219e+02 -1.640460e+03)	2.138976e+03	(5.913896e+02 1.035441e+02 -1.631613e+03)
0.93          	T             	3.000000e+02	(4.779573e+02 1.773219e+02 -1.640460e+03)	2.140596e+03	(5.913896e+02 1.035441e+02 -1.631613e+03)
0.94          	T             	3.000000e+02	(4.779573e+02 1.773219e+02 -1.640460e+03)	2.142204e+03	(5.913896e+02 1.035441e+02 -1.631613e+03)
0.95          	T             	3.000000e+02	(4.779573e+02 1.773219e+02 -1.640460e+03)	2.143800e+03	(5.913896e+02 1.035441e+02 -1.631613e+03)
0.96          	T             	3.000000e+02	(4.779573e+02 1.773219e+02 -1.640460e+03)	2.145384e+03	(5.913896e+02 1.035441e+02 -1.631613e+03)
0.97          	T             	3.000000e+02	(4.779573e+02 1.773219e+02 -1.640460e+03)	2.146956e+03	(5.913896e+02 1.035441e+02 -1.631613e+03)
0.98          	T             	3.000000e+02	(4.779573e+02 1.773219e+02 -1.640460e+03)	2.148517e+03	(5.913896e+02 1.035441e+02 -1.631613e+03)
0.99          	T             	3.000000e+02	(4.779573e+02 1.773219e+02 -1.640460e+03)	2.150068e+03	(5.913896e+02 1.035441e+02 -1.631613e+03)
1             	T             	3.000000e+02	(4.779573e+02 1.773219e+02 -1.640460e+03)	2.151607e+03	(5.913896e+02 1.035441e+02 -1.631613e+03)
1.01          	T             	3.000000e+02	(4.779573e+02 1.773219e+02 -1.640460e+03)	2.153135e+03	(5.913896e+02 1.035441e+02 -1.631613e+03)
1.02          	T             	3.000000e+02	(4.779573e+02 1.773219e+02 -1.640460e+03)	2.154653e+03	(5.913896e+02 1.035441e+02 -1.631613e+03)
1.03          	T             	3.000000e+02	(4.779573e+02 1.773219e+02 -1.640460e+03)	2.156161e+03	(5.913896e+02 1.035441e+02 -1.631613e+03)
1.04          	T             	3.000000e+02	(4.779573e+02 1.773219e+02 -1.640460e+03)	2.157659e+03	(5.913896e+02 1.035441e+02 -1.631613e+03)
1.05          	T             	3.000000e+02	(4.779573e+02 1.773219e+02 -1.640460e+03)	2.159146e+03	(5.913896e+02 1.035441e+02 -1.631613e+03)
1.06          	T             	3.000000e+02	(4.779573e+02 1.773219e+02 -1.640460e+03)	2.160624e+03	(5.913896e+02 1.035441e+02 -1.631613e+03)
1.07          	T             	3.000000e+02	(4.779573e+02 1.773219e+02 -1.640460e+03)	2.162092e+03	(5.913896e+02 1.035441e+02 -1.631613e+03)
1.08          	T             	3.000000e+02	(4.779573e+02 1.773219e+02 -1.640460e+03)	2.163551e+03	(5.913896e+02 1.035441e+02 -1.631613e+03)
1.09          	T             	3.000000e+02	(4.779573e+02 1.773219e+02 -1.640460e+03)	2.165000e+03	(5.913896e+02 1.035441e+02 -1.631613e+03)
1.1           	T             	3.000000e+02	(4.779573e+02 1.773219e+02 -1.640460e+03)	2.166440e+03	(5.913896e+02 1.035441e+02 -1.631613e+03)
1.11          	T             	3.000000e+02	(4.779573e+02 1.773219e+02 -1.640460e+03)	2.167871e+03	(5.913896e+02 1.035441e+02 -1.631613e+03)
1.12          	T             	3.000000e+02	(4.779573e+02 1.773219e+02 -1.640460e+03)	2.169293e+03	(5.913896e+02 1.035441e+02 -1.631613e+03)
1.13          	T             	3.000000e+02	(4.779573e+02 1.773219e+02 -1.640460e+03)	2.170706e+03	(5.913896e+02 1.035441e+02 -1.631613e+03)
1.14          	T             	3.000000e+02	(4.779573e+02 1.773219e+02 -1.640460e+03)	2.172111e+03	(5.913896e+02 1.035441e+02 -1.631613e+03)
1.15          	T             	3.000000e+02	(4.709326e+02 1.897515e+02 -1.645265e+03)	2.173507e+03	(5.913896e+02 1.035441e+02 -1.631613e+03)
1.16          	T             	3.000000e+02	(4.709326e+02 1.897515e+02 -1.645265e+03)	2.174894e+03	(5.913896e+02 1.035441e+02 -1.631613e+03)
1.17          	T             	3.000000e+02	(4.709326e+02 1.897515e+02 -1.645265e+03)	2.176274e+03	(5.913896e+02 1.035441e+02 -1.631613e+03)
1.18          	T             	3.000000e+02	(4.709326e+02 1.897515e+02 -1.645265e+03)	2.177645e+03	(5.913896e+02 1.035441e+02 -1.631613e+03)
1.19          	T             	3.000000e+02	(4.709326e+02 1.897515e+02 -1.645265e+03)	2.179008e+03	(5.913896e+02 1.035441e+02 -1.631613e+03)
1.2           	T             	3.000000e+02	(4.709326e+02 1.897515e+02 -1.645265e+03)	2.180363e+03	(5.913896e+02 1.035441e+02 -1.631613e+03)
1.21          	T             	3.000000e+02	(4.709326e+02 1.897515e+02 -1.645265e+03)	2.181711e+03	(5.913896e+02 1.035441e+02 -1.631613e+03)
1.22          	T             	3.000000e+02	(4.709326e+02 1.897515e+02 -1.645265e+03)	2.183050e+03	(5.913896e+02 1.035441e+02 -1.631613e+03)
1.23          	T             	3.000000e+02	(4.709326e+02 1.897515e+02 -1.645265e+03)	2.184381e+03	(5.913896e+02 1.035441e+02 -1.631613e+03)
1.24          	T             	3.000000e+02	(4.709326e+02 1.897515e+02 -1.645265e+03)	2.185705e+03	(5.913896e+02 1.035441e+02 -1.631613e+03)
1.25          	T             	3.000000e+02	(4.709326e+02 1.897515e+02 -1.645265e+03)	2.187021e+03	(5.913896e+02 1.035441e+02 -1.631613e+03)
1.26          	T             	3.000000e+02	(4.709326e+02 1.897515e+02 -1.645265e+03)	2.188329e+03	(5.913896e+02 1.035441e+02 -1.631613e+03)
1.27          	T             	3.000000e+02	(4.709326e+02 1.897515e+02 -1.645265e+03)	2.189630e+03	(5.913896e+02 1.035441e+02 -1.631613e+03)
1.28          	T             	3.000000e+02	(4.709326e+02 1.897515e+02 -1.645265e+03)	2.190923e+03	(5.913896e+02 1.035441e+02 -1.631613e+03)
1.29          	T             	3.000000e+02	(4.930208e+02 1.876378e+02 -1.613926e+03)	2.192210e+03	(5.913896e+02 1.035441e+02 -1.631613e+03)
1.3           	T             	3.000000e+02	(4.930208e+02 1.876378e+02 -1.613926e+03)	2.193489e+03	(5.913896e+02 1.035441e+02 -1.631613e+03)
1.31          	T             	3.000000e+02	(4.930208e+02 1.876378e+02 -1.613926e+03)	2.194760e+03	(5.913896e+02 1.035441e+02 -1.631613e+03)
1.32          	T             	3.000000e+02	(4.930208e+02 1.876378e+02 -1.613926e+03)	2.196016e+03	(5.913896e+02 1.035441e+02 -1.631613e+03)
1.33          	T             	3.000000e+02	(4.930208e+02 1.876378e+02 -1.613926e+03)	2.197258e+03	(5.913896e+02 1.035441e+02 -1.631613e+03)
1.34          	T             	3.000000e+02	(4.930208e+02 1.876378e+02 -1.613926e+03)	2.198488e+03	(5.913896e+02 1.035441e+02 -1.631613e+03)
1.35          	T             	3.000000e+02	(4.930208e+02 1.876378e+02 -1.613926e+03)	2.199709e+03	(5.913896e+02 1.035441e+02 -1.631613e+03)
1.36          	T             	3.000000e+02	(4.930208e+02 1.876378e+02 -1.613926e+03)	2.200921e+03	(5.913896e+02 1.035441e+02 -1.631613e+03)
1.37          	T             	3.000000e+02	(4.930208e+02 1.876378e+02 -1.613926e+03)	2.202102e+03	(5.913896e+02 1.035441e+02 -1.631613e+03)
1.38          	T             	3.000000e+02	(4.930208e+02 1.876378e+02 -1.613926e+03)	2.203261e+03	(5.913896e+02 1.035441e+02 -1.631613e+03)
1.39          	T             	3.000000e+02	(4.930208e+02 1.876378e+02 -1.613926e+03)	2.204410e+03	(5.913896e+02 1.035441e+02 -1.631613e+03)
1.4           	T             	3.000000e+02	(4.930208e+02 1.876378e+02 -1.613926e+03)	2.205554e+03	(5.913896e+02 1.035441e+02 -1.631613e+03)
1.41          	T             	3.000000e+02	(4.930208e+02 1.876378e+02 -1.613926e+03)	2.206692e+03	(5.913896e+02 1.035441e+02 -1.631613e+03)
1.42          	T             	3.000000e+02	(4.930208e+02 1.876378e+02 -1.613926e+03)	2.207827e+03	(5.913896e+02 1.035441e+02 -1.631613e+03)
1.43          	T             	3.000000e+02	(4.930208e+02 1.876378e+02 -1.613926e+03)	2.208957e+03	(5.913896e+02 1.035441e+02 -1.631613e+03)
1.44          	T             	3.000000e+02	(4.930208e+02 1.876378e+02 -1.613926e+03)	2.210083e+03	(5.913896e+02 1.035441e+02 -1.631613e+03)
1.45          	T             	3.000000e+02	(4.930208e+02 1.876378e+02 -1.613926e+03)	2.211203e+03	(5.913896e+02 1.035441e+02 -1.631613e+03)
1.46          	T             	3.000000e+02	(4.930215e+02 1.876349e+02 -1.612056e+03)	2.212319e+03	(5.913896e+02 1.035441e+02 -1.631613e+03)
1.47          	T             	3.000000e+02	(4.930215e+02 1.876349e+02 -1.612056e+03)	2.213430e+03	(5.913896e+02 1.035441e+02 -1.631613e+03)
1.48          	T             	3.000000e+02	(4.930215e+02 1.876349e+02 -1.612056e+03)	2.214537e+03	(5.913896e+02 1.035441e+02 -1.631613e+03)
1.49          	T             	3.000000e+02	(4.930215e+02 1.876349e+02 -1.612056e+03)	2.215638e+03	(5.913896e+02 1.035441e+02 -1.631613e+03)
1.5           	T             	3.000000e+02	(5.015874e+02 1.891791e+02 -1.604881e+03)	2.216734e+03	(5.913896e+02 1.035441e+02 -1.631613e+03)
1.51          	T             	3.000000e+02	(4.806622e+02 1.956580e+02 -1.613460e+03)	2.217826e+03	(5.913896e+02 1.035441e+02 -1.631613e+03)
1.52          	T             	3.000000e+02	(4.806622e+02 1.956580e+02 -1.613460e+03)	2.218913e+03	(5.913896e+02 1.035441e+02 -1.631613e+03)
1.53          	T             	3.000000e+02	(4.806622e+02 1.956580e+02 -1.613460e+03)	2.219996e+03	(5.913896e+02 1.035441e+02 -1.631613e+03)
1.54          	T             	3.000000e+02	(4.806622e+02 1.956580e+02 -1.613460e+03)	2.221073e+03	(5.913896e+02 1.035441e+02 -1.631613e+03)
1.55          	T             	3.000000e+02	(4.806622e+02 1.956580e+02 -1.613460e+03)	2.222146e+03	(5.913896e+02 1.035441e+02 -1.631613e+03)
1.56          	T             	3.000000e+02	(4.806622e+02 1.956580e+02 -1.613460e+03)	2.223214e+03	(5.913896e+02 1.035441e+02 -1.631613e+03)
1.57          	T             	3.000000e+02	(5.015874e+02 1.891791e+02 -1.604881e+03)	2.224271e+03	(5.913896e+02 1.035441e+02 -1.631613e+03)
1.58          	T             	3.000000e+02	(4.860035e+02 1.815879e+02 -1.608299e+03)	2.225318e+03	(5.913896e+02 1.035441e+02 -1.631613e+03)
1.59          	T             	3.000000e+02	(5.015874e+02 1.891791e+02 -1.604881e+03)	2.226357e+03	(5.913896e+02 1.035441e+02 -1.631613e+03)
1.6           	T             	3.000000e+02	(4.718831e+02 1.939032e+02 -1.604007e+03)	2.227388e+03	(5.913896e+02 1.035441e+02 -1.631613e+03)
1.61          	T             	3.000000e+02	(5.015874e+02 1.891791e+02 -1.604881e+03)	2.228413e+03	(5.913896e+02 1.035441e+02 -1.631613e+03)
1.62          	T             	3.000000e+02	(5.015874e+02 1.891791e+02 -1.604881e+03)	2.229433e+03	(5.913896e+02 1.035441e+02 -1.631613e+03)
1.63          	T             	3.000000e+02	(5.015874e+02 1.891791e+02 -1.604881e+03)	2.230448e+03	(5.913896e+02 1.035441e+02 -1.631613e+03)
1.64          	T             	3.000000e+02	(4.774559e+02 1.705033e+02 -1.605177e+03)	2.231458e+03	(5.913896e+02 1.035441e+02 -1.631613e+03)
1.65          	T             	3.000000e+02	(4.774559e+02 1.705033e+02 -1.605177e+03)	2.232463e+03	(5.913896e+02 1.035441e+02 -1.631613e+03)
1.66          	T             	3.000000e+02	(4.774559e+02 1.705033e+02 -1.605177e+03)	2.233465e+03	(5.913896e+02 1.035441e+02 -1.631613e+03)
1.67          	T             	3.000000e+02	(4.774559e+02 1.705033e+02 -1.605177e+03)	2.234462e+03	(5.913896e+02 1.035441e+02 -1.631613e+03)
1.68          	T             	3.000000e+02	(4.774559e+02 1.705033e+02 -1.605177e+03)	2.235456e+03	(5.913896e+02 1.035441e+02 -1.631613e+03)
1.69          	T             	3.000000e+02	(4.774559e+02 1.705033e+02 -1.605177e+03)	2.236445e+03	(5.913896e+02 1.035441e+02 -1.631613e+03)
1.7           	T             	3.000000e+02	(5.015874e+02 1.891791e+02 -1.604881e+03)	2.237430e+03	(5.913896e+02 1.035441e+02 -1.631613e+03)
1.71          	T             	3.000000e+02	(5.015874e+02 1.891791e+02 -1.604881e+03)	2.238412e+03	(5.913896e+02 1.035441e+02 -1.631613e+03)
1.72          	T             	3.000000e+02	(4.985393e+02 2.027791e+02 -1.603893e+03)	2.239389e+03	(5.913896e+02 1.035441e+02 -1.631613e+03)
1.73          	T             	3.000000e+02	(4.774559e+02 1.705033e+02 -1.605177e+03)	2.240363e+03	(5.913896e+02 1.035441e+02 -1.631613e+03)
1.74          	T             	3.000000e+02	(4.771440e+02 1.897447e+02 -1.603890e+03)	2.241333e+03	(5.913896e+02 1.035441e+02 -1.631613e+03)
1.75          	T             	3.000000e+02	(5.015874e+02 1.891791e+02 -1.604881e+03)	2.242300e+03	(5.913896e+02 1.035441e+02 -1.631613e+03)
1.76          	T             	3.000000e+02	(4.771440e+02 1.897447e+02 -1.603890e+03)	2.243262e+03	(5.913896e+02 1.035441e+02 -1.631613e+03)
1.77          	T             	3.000000e+02	(4.888165e+02 1.749845e+02 -1.603568e+03)	2.244220e+03	(5.913896e+02 1.035441e+02 -1.631613e+03)
1.78          	T             	3.000000e+02	(4.771440e+02 1.897447e+02 -1.603890e+03)	2.245175e+03	(5.913896e+02 1.035441e+02 -1.631613e+03)
1.79          	T             	3.000000e+02	(5.015874e+02 1.891791e+02 -1.604881e+03)	2.246126e+03	(5.913896e+02 1.035441e+02 -1.631613e+03)
1.8           	T             	3.000000e+02	(5.015874e+02 1.891791e+02 -1.604881e+03)	2.247073e+03	(5.913896e+02 1.035441e+02 -1.631613e+03)
1.81          	T             	3.000000e+02	(4.985357e+02 2.013880e+02 -1.603914e+03)	2.248016e+03	(5.913896e+02 1.035441e+02 -1.631613e+03)
1.82          	T             	3.000000e+02	(4.860320e+02 1.936664e+02 -1.606444e+03)	2.249380e+03	(5.608058e+02 8.688979e+01 -1.603418e+03)
1.83          	T             	3.000000e+02	(4.985357e+02 2.013880e+02 -1.603914e+03)	2.252544e+03	(5.608058e+02 8.688979e+01 -1.603418e+03)
1.84          	T             	3.000000e+02	(4.755891e+02 1.926498e+02 -1.603890e+03)	2.255698e+03	(5.608058e+02 8.688979e+01 -1.603418e+03)
1.85          	T             	3.000000e+02	(4.755891e+02 1.926498e+02 -1.603890e+03)	2.258843e+03	(5.608058e+02 8.688979e+01 -1.603418e+03)
1.86          	T             	3.000000e+02	(4.985357e+02 2.013880e+02 -1.603914e+03)	2.261978e+03	(5.608058e+02 8.688979e+01 -1.603418e+03)
1.87          	T             	3.000000e+02	(4.529828e+02 1.639403e+02 -1.603772e+03)	2.265105e+03	(5.608058e+02 8.688979e+01 -1.603418e+03)
1.88          	T             	3.000000e+02	(4.985357e+02 2.013880e+02 -1.603914e+03)	2.268223e+03	(5.608058e+02 8.688979e+01 -1.603418e+03)
1.89          	T             	3.000000e+02	(4.752205e+02 1.925664e+02 -1.604071e+03)	2.271332e+03	(5.608058e+02 8.688979e+01 -1.603418e+03)
1.9           	T             	3.000000e+02	(4.985357e+02 2.013880e+02 -1.603914e+03)	2.274434e+03	(5.608058e+02 8.688979e+01 -1.603418e+03)
1.91          	T             	3.000000e+02	(4.755294e+02 1.940458e+02 -1.603904e+03)	2.277528e+03	(5.608058e+02 8.688979e+01 -1.603418e+03)
1.92          	T             	3.000000e+02	(4.722078e+02 1.942335e+02 -1.604461e+03)	2.280614e+03	(5.608058e+02 8.688979e+01 -1.603418e+03)
1.93          	T             	3.000000e+02	(4.755891e+02 1.926498e+02 -1.603890e+03)	2.283692e+03	(5.608058e+02 8.688979e+01 -1.603418e+03)
1.94          	T             	3.000000e+02	(4.752205e+02 1.925664e+02 -1.604071e+03)	2.286763e+03	(5.608058e+02 8.688979e+01 -1.603418e+03)
1.95          	T             	3.000000e+02	(4.752205e+02 1.925664e+02 -1.604071e+03)	2.289826e+03	(5.608058e+02 8.688979e+01 -1.603418e+03)
1.96          	T             	3.000000e+02	(4.752205e+02 1.925664e+02 -1.604071e+03)	2.292881e+03	(5.608058e+02 8.688979e+01 -1.603418e+03)
1.97          	T             	3.000000e+02	(4.755891e+02 1.926498e+02 -1.603890e+03)	2.295929e+03	(5.608058e+02 8.688979e+01 -1.603418e+03)
1.98          	T             	3.000000e+02	(4.752205e+02 1.925664e+02 -1.604071e+03)	2.298970e+03	(5.608058e+02 8.688979e+01 -1.603418e+03)
1.99          	T             	3.000000e+02	(4.755891e+02 1.926498e+02 -1.603890e+03)	2.302003e+03	(5.608058e+02 8.688979e+01 -1.603418e+03)
2             	T             	3.000000e+02	(4.488580e+02 1.808521e+02 -1.604222e+03)	2.305001e+03	(5.608058e+02 8.688979e+01 -1.603418e+03)
2.01          	T             	3.000000e+02	(4.488580e+02 1.808521e+02 -1.604222e+03)	2.307973e+03	(5.608058e+02 8.688979e+01 -1.603418e+03)
2.02          	T             	3.000000e+02	(4.488580e+02 1.808521e+02 -1.604222e+03)	2.310934e+03	(5.608058e+02 8.688979e+01 -1.603418e+03)
2.03          	T             	3.000000e+02	(4.739219e+02 1.944498e+02 -1.604184e+03)	2.313888e+03	(5.608058e+02 8.688979e+01 -1.603418e+03)
2.04          	T             	3.000000e+02	(4.488434e+02 1.809063e+02 -1.604673e+03)	2.316835e+03	(5.608058e+02 8.688979e+01 -1.603418e+03)
2.05          	T             	3.000000e+02	(4.488434e+02 1.809063e+02 -1.604673e+03)	2.319776e+03	(5.608058e+02 8.688979e+01 -1.603418e+03)
2.06          	T             	3.000000e+02	(4.722078e+02 1.942335e+02 -1.604461e+03)	2.322709e+03	(5.608058e+02 8.688979e+01 -1.603418e+03)
2.07          	T             	3.000000e+02	(4.722078e+02 1.942335e+02 -1.604461e+03)	2.325634e+03	(5.608058e+02 8.688979e+01 -1.603418e+03)
2.08          	T             	3.000000e+02	(4.488580e+02 1.808521e+02 -1.604222e+03)	2.328551e+03	(5.608058e+02 8.688979e+01 -1.603418e+03)
2.09          	T             	3.000000e+02	(4.488580e+02 1.808521e+02 -1.604222e+03)	2.331461e+03	(5.608058e+02 8.688979e+01 -1.603418e+03)
2.1           	T             	3.000000e+02	(4.488434e+02 1.809063e+02 -1.604673e+03)	2.334366e+03	(5.608058e+02 8.688979e+01 -1.603418e+03)
2.11          	T             	3.000000e+02	(4.488580e+02 1.808521e+02 -1.604222e+03)	2.337265e+03	(5.608058e+02 8.688979e+01 -1.603418e+03)
2.12          	T             	3.000000e+02	(4.488580e+02 1.808521e+02 -1.604222e+03)	2.340159e+03	(5.608058e+02 8.688979e+01 -1.603418e+03)
2.13          	T             	3.000000e+02	(4.488580e+02 1.808521e+02 -1.604222e+03)	2.343047e+03	(5.608058e+02 8.688979e+01 -1.603418e+03)
2.14          	T             	3.000000e+02	(4.491536e+02 1.809765e+02 -1.603898e+03)	2.345929e+03	(5.608058e+02 8.688979e+01 -1.603418e+03)
2.15          	T             	3.000000e+02	(4.488580e+02 1.808521e+02 -1.604222e+03)	2.348804e+03	(5.608058e+02 8.688979e+01 -1.603418e+03)
2.16          	T             	3.000000e+02	(4.479679e+02 1.811921e+02 -1.603895e+03)	2.351673e+03	(5.608058e+02 8.688979e+01 -1.603418e+03)
2.17          	T             	3.000000e+02	(4.721838e+02 1.926736e+02 -1.604031e+03)	2.354536e+03	(5.608058e+02 8.688979e+01 -1.603418e+03)
2.18          	T             	3.000000e+02	(4.721838e+02 1.926736e+02 -1.604031e+03)	2.357388e+03	(5.608058e+02 8.688979e+01 -1.603418e+03)
2.19          	T             	3.000000e+02	(4.523583e+02 1.855781e+02 -1.604218e+03)	2.360230e+03	(5.608058e+02 8.688979e+01 -1.603418e+03)
2.2           	T             	3.000000e+02	(4.525005e+02 1.853288e+02 -1.603935e+03)	2.363063e+03	(5.608058e+02 8.688979e+01 -1.603418e+03)
2.21          	T             	3.000000e+02	(4.718502e+02 1.925656e+02 -1.603851e+03)	2.365887e+03	(5.608058e+02 8.688979e+01 -1.603418e+03)
2.22          	T             	3.000000e+02	(4.704814e+02 1.928639e+02 -1.604190e+03)	2.368703e+03	(5.608058e+02 8.688979e+01 -1.603418e+03)
2.23          	T             	3.000000e+02	(4.706230e+02 1.939114e+02 -1.604118e+03)	2.371510e+03	(5.608058e+02 8.688979e+01 -1.603418e+03)
2.24          	T             	3.000000e+02	(4.707209e+02 1.936501e+02 -1.603878e+03)	2.374306e+03	(5.608058e+02 8.688979e+01 -1.603418e+03)
2.25          	T             	3.000000e+02	(4.508895e+02 1.855608e+02 -1.604060e+03)	2.377091e+03	(5.608058e+02 8.688979e+01 -1.603418e+03)
2.26          	T             	3.000000e+02	(4.718831e+02 1.939032e+02 -1.604007e+03)	2.379868e+03	(5.608058e+02 8.688979e+01 -1.603418e+03)
2.27          	T             	3.000000e+02	(4.706230e+02 1.939114e+02 -1.604118e+03)	2.382636e+03	(5.608058e+02 8.688979e+01 -1.603418e+03)
2.28          	T             	3.000000e+02	(4.474135e+02 1.840413e+02 -1.604471e+03)	2.385396e+03	(5.608058e+02 8.688979e+01 -1.603418e+03)
2.29          	T             	3.000000e+02	(4.489572e+02 1.840940e+02 -1.604051e+03)	2.388149e+03	(5.608058e+02 8.688979e+01 -1.603418e+03)
2.3           	T             	3.000000e+02	(4.718831e+02 1.939032e+02 -1.604007e+03)	2.390895e+03	(5.608058e+02 8.688979e+01 -1.603418e+03)
2.31          	T             	3.000000e+02	(4.478780e+02 1.835528e+02 -1.603869e+03)	2.393633e+03	(5.608058e+02 8.688979e+01 -1.603418e+03)
2.32          	T             	3.000000e+02	(4.476930e+02 1.838970e+02 -1.604003e+03)	2.396366e+03	(5.608058e+02 8.688979e+01 -1.603418e+03)
2.33          	T             	3.000000e+02	(4.474135e+02 1.840413e+02 -1.604471e+03)	2.399091e+03	(5.608058e+02 8.688979e+01 -1.603418e+03)
2.34          	T             	3.000000e+02	(4.478780e+02 1.835528e+02 -1.603869e+03)	2.401811e+03	(5.608058e+02 8.688979e+01 -1.603418e+03)
2.35          	T             	3.000000e+02	(4.707209e+02 1.936501e+02 -1.603878e+03)	2.404500e+03	(5.608058e+02 8.688979e+01 -1.603418e+03)
2.36          	T             	3.000000e+02	(4.476930e+02 1.838970e+02 -1.604003e+03)	2.407165e+03	(5.608058e+02 8.688979e+01 -1.603418e+03)
2.37          	T             	3.000000e+02	(4.476930e+02 1.838970e+02 -1.604003e+03)	2.409820e+03	(5.608058e+02 8.688979e+01 -1.603418e+03)
2.38          	T             	3.000000e+02	(4.476930e+02 1.838970e+02 -1.604003e+03)	2.412470e+03	(5.608058e+02 8.688979e+01 -1.603418e+03)
2.39          	T             	3.000000e+02	(4.474135e+02 1.840413e+02 -1.604471e+03)	2.415115e+03	(5.608058e+02 8.688979e+01 -1.603418e+03)
2.4           	T             	3.000000e+02	(4.476930e+02 1.838970e+02 -1.604003e+03)	2.417754e+03	(5.608058e+02 8.688979e+01 -1.603418e+03)
2.41          	T             	3.000000e+02	(4.476930e+02 1.838970e+02 -1.604003e+03)	2.420389e+03	(5.608058e+02 8.688979e+01 -1.603418e+03)
2.42          	T             	3.000000e+02	(4.476930e+02 1.838970e+02 -1.604003e+03)	2.423019e+03	(5.608058e+02 8.688979e+01 -1.603418e+03)
2.43          	T             	3.000000e+02	(4.476930e+02 1.838970e+02 -1.604003e+03)	2.425644e+03	(5.608058e+02 8.688979e+01 -1.603418e+03)
2.44          	T             	3.000000e+02	(4.474135e+02 1.840413e+02 -1.604471e+03)	2.428264e+03	(5.608058e+02 8.688979e+01 -1.603418e+03)
2.45          	T             	3.000000e+02	(4.489572e+02 1.840940e+02 -1.604051e+03)	2.430879e+03	(5.608058e+02 8.688979e+01 -1.603418e+03)
2.46          	T             	3.000000e+02	(4.476930e+02 1.838970e+02 -1.604003e+03)	2.433490e+03	(5.608058e+02 8.688979e+01 -1.603418e+03)
2.47          	T             	3.000000e+02	(4.476930e+02 1.838970e+02 -1.604003e+03)	2.436096e+03	(5.608058e+02 8.688979e+01 -1.603418e+03)
2.48          	T             	3.000000e+02	(4.476930e+02 1.838970e+02 -1.604003e+03)	2.438697e+03	(5.608058e+02 8.688979e+01 -1.603418e+03)
2.49          	T             	3.000000e+02	(4.476930e+02 1.838970e+02 -1.604003e+03)	2.441294e+03	(5.608058e+02 8.688979e+01 -1.603418e+03)
2.5           	T             	3.000000e+02	(4.476930e+02 1.838970e+02 -1.604003e+03)	2.443886e+03	(5.608058e+02 8.688979e+01 -1.603418e+03)
2.51          	T             	3.000000e+02	(4.476930e+02 1.838970e+02 -1.604003e+03)	2.446475e+03	(5.608058e+02 8.688979e+01 -1.603418e+03)
2.52          	T             	3.000000e+02	(4.476930e+02 1.838970e+02 -1.604003e+03)	2.449060e+03	(5.608058e+02 8.688979e+01 -1.603418e+03)
2.53          	T             	3.000000e+02	(4.476930e+02 1.838970e+02 -1.604003e+03)	2.451643e+03	(5.608058e+02 8.688979e+01 -1.603418e+03)
2.54          	T             	3.000000e+02	(4.476930e+02 1.838970e+02 -1.604003e+03)	2.454222e+03	(5.608058e+02 8.688979e+01 -1.603418e+03)
2.55          	T             	3.000000e+02	(4.476930e+02 1.838970e+02 -1.604003e+03)	2.456799e+03	(5.608058e+02 8.688979e+01 -1.603418e+03)
2.56          	T             	3.000000e+02	(4.476930e+02 1.838970e+02 -1.604003e+03)	2.459373e+03	(5.608058e+02 8.688979e+01 -1.603418e+03)
2.57          	T             	3.000000e+02	(4.476930e+02 1.838970e+02 -1.604003e+03)	2.461944e+03	(5.608058e+02 8.688979e+01 -1.603418e+03)
2.58          	T             	3.000000e+02	(4.476930e+02 1.838970e+02 -1.604003e+03)	2.464513e+03	(5.608058e+02 8.688979e+01 -1.603418e+03)
2.59          	T             	3.000000e+02	(4.476930e+02 1.838970e+02 -1.604003e+03)	2.467077e+03	(5.608058e+02 8.688979e+01 -1.603418e+03)
2.6           	T             	3.000000e+02	(4.476930e+02 1.838970e+02 -1.604003e+03)	2.469637e+03	(5.608058e+02 8.688979e+01 -1.603418e+03)
2.61          	T             	3.000000e+02	(4.476930e+02 1.838970e+02 -1.604003e+03)	2.472193e+03	(5.608058e+02 8.688979e+01 -1.603418e+03)
2.62          	T             	3.000000e+02	(4.476930e+02 1.838970e+02 -1.604003e+03)	2.474745e+03	(5.608058e+02 8.688979e+01 -1.603418e+03)
2.63          	T             	3.000000e+02	(4.476930e+02 1.838970e+02 -1.604003e+03)	2.477293e+03	(5.608058e+02 8.688979e+01 -1.603418e+03)
2.64          	T             	3.000000e+02	(4.476930e+02 1.838970e+02 -1.604003e+03)	2.479836e+03	(5.608058e+02 8.688979e+01 -1.603418e+03)
2.65          	T             	3.000000e+02	(4.476930e+02 1.838970e+02 -1.604003e+03)	2.482374e+03	(5.608058e+02 8.688979e+01 -1.603418e+03)
2.66          	T             	3.000000e+02	(4.476930e+02 1.838970e+02 -1.604003e+03)	2.484907e+03	(5.608058e+02 8.688979e+01 -1.603418e+03)
2.67          	T             	3.000000e+02	(4.476930e+02 1.838970e+02 -1.604003e+03)	2.487435e+03	(5.608058e+02 8.688979e+01 -1.603418e+03)
2.68          	T             	3.000000e+02	(4.476930e+02 1.838970e+02 -1.604003e+03)	2.489957e+03	(5.608058e+02 8.688979e+01 -1.603418e+03)
2.69          	T             	3.000000e+02	(4.476930e+02 1.838970e+02 -1.604003e+03)	2.492475e+03	(5.608058e+02 8.688979e+01 -1.603418e+03)
2.7           	T             	3.000000e+02	(4.476930e+02 1.838970e+02 -1.604003e+03)	2.494987e+03	(5.608058e+02 8.688979e+01 -1.603418e+03)
2.71          	T             	3.000000e+02	(4.476930e+02 1.838970e+02 -1.604003e+03)	2.497496e+03	(5.608058e+02 8.688979e+01 -1.603418e+03)
2.72          	T             	3.000000e+02	(4.476930e+02 1.838970e+02 -1.604003e+03)	2.500000e+03	(5.608058e+02 8.688979e+01 -1.603418e+03)
2.73          	T             	3.000000e+02	(4.476930e+02 1.838970e+02 -1.604003e+03)	2.502498e+03	(5.608058e+02 8.688979e+01 -1.603418e+03)
2.74          	T             	3.000000e+02	(4.476930e+02 1.838970e+02 -1.604003e+03)	2.504392e+03	(5.608058e+02 8.688979e+01 -1.603418e+03)
2.75          	T             	3.000000e+02	(4.476930e+02 1.838970e+02 -1.604003e+03)	2.506284e+03	(5.608058e+02 8.688979e+01 -1.603418e+03)
2.76          	T             	3.000000e+02	(4.476930e+02 1.838970e+02 -1.604003e+03)	2.508173e+03	(5.608058e+02 8.688979e+01 -1.603418e+03)
2.77          	T             	3.000000e+02	(4.476930e+02 1.838970e+02 -1.604003e+03)	2.510060e+03	(5.608058e+02 8.688979e+01 -1.603418e+03)
2.78          	T             	3.000000e+02	(4.476930e+02 1.838970e+02 -1.604003e+03)	2.511945e+03	(5.608058e+02 8.688979e+01 -1.603418e+03)
2.79          	T             	3.000000e+02	(4.476930e+02 1.838970e+02 -1.604003e+03)	2.513828e+03	(5.608058e+02 8.688979e+01 -1.603418e+03)
2.8           	T             	3.000000e+02	(4.476930e+02 1.838970e+02 -1.604003e+03)	2.515708e+03	(5.608058e+02 8.688979e+01 -1.603418e+03)
2.81          	T             	3.000000e+02	(4.476930e+02 1.838970e+02 -1.604003e+03)	2.517585e+03	(5.608058e+02 8.688979e+01 -1.603418e+03)
2.82          	T             	3.000000e+02	(4.476930e+02 1.838970e+02 -1.604003e+03)	2.519460e+03	(5.608058e+02 8.688979e+01 -1.603418e+03)
2.83          	T             	3.000000e+02	(4.476930e+02 1.838970e+02 -1.604003e+03)	2.521332e+03	(5.608058e+02 8.688979e+01 -1.603418e+03)
2.84          	T             	3.000000e+02	(4.476930e+02 1.838970e+02 -1.604003e+03)	2.523201e+03	(5.608058e+02 8.688979e+01 -1.603418e+03)
2.85          	T             	3.000000e+02	(4.476930e+02 1.838970e+02 -1.604003e+03)	2.525067e+03	(5.608058e+02 8.688979e+01 -1.603418e+03)
2.86          	T             	3.000000e+02	(4.476930e+02 1.838970e+02 -1.604003e+03)	2.526929e+03	(5.608058e+02 8.688979e+01 -1.603418e+03)
2.87          	T             	3.000000e+02	(4.476930e+02 1.838970e+02 -1.604003e+03)	2.528787e+03	(5.608058e+02 8.688979e+01 -1.603418e+03)
2.88          	T             	3.000000e+02	(4.476930e+02 1.838970e+02 -1.604003e+03)	2.530643e+03	(5.608058e+02 8.688979e+01 -1.603418e+03)
2.89          	T             	3.000000e+02	(4.476930e+02 1.838970e+02 -1.604003e+03)	2.532494e+03	(5.608058e+02 8.688979e+01 -1.603418e+03)
2.9           	T             	3.000000e+02	(4.476930e+02 1.838970e+02 -1.604003e+03)	2.534342e+03	(5.608058e+02 8.688979e+01 -1.603418e+03)
2.91          	T             	3.000000e+02	(4.476930e+02 1.838970e+02 -1.604003e+03)	2.536185e+03	(5.608058e+02 8.688979e+01 -1.603418e+03)
2.92          	T             	3.000000e+02	(4.476930e+02 1.838970e+02 -1.604003e+03)	2.538025e+03	(5.608058e+02 8.688979e+01 -1.603418e+03)
2.93          	T             	3.000000e+02	(4.476930e+02 1.838970e+02 -1.604003e+03)	2.539862e+03	(5.608058e+02 8.688979e+01 -1.603418e+03)
2.94          	T             	3.000000e+02	(4.476930e+02 1.838970e+02 -1.604003e+03)	2.541695e+03	(5.608058e+02 8.688979e+01 -1.603418e+03)
2.95          	T             	3.000000e+02	(4.476930e+02 1.838970e+02 -1.604003e+03)	2.543524e+03	(5.608058e+02 8.688979e+01 -1.603418e+03)
2.96          	T             	3.000000e+02	(4.476930e+02 1.838970e+02 -1.604003e+03)	2.545350e+03	(5.608058e+02 8.688979e+01 -1.603418e+03)
2.97          	T             	3.000000e+02	(4.476930e+02 1.838970e+02 -1.604003e+03)	2.547172e+03	(5.608058e+02 8.688979e+01 -1.603418e+03)
2.98          	T             	3.000000e+02	(4.476930e+02 1.838970e+02 -1.604003e+03)	2.548992e+03	(5.608058e+02 8.688979e+01 -1.603418e+03)
2.99          	T             	3.000000e+02	(4.476930e+02 1.838970e+02 -1.604003e+03)	2.550810e+03	(5.608058e+02 8.688979e+01 -1.603418e+03)
3             	T             	3.000000e+02	(4.476930e+02 1.838970e+02 -1.604003e+03)	2.552626e+03	(5.608058e+02 8.688979e+01 -1.603418e+03)
3.01          	T             	3.000000e+02	(4.476930e+02 1.838970e+02 -1.604003e+03)	2.554440e+03	(5.608058e+02 8.688979e+01 -1.603418e+03)
3.02          	T             	3.000000e+02	(4.476930e+02 1.838970e+02 -1.604003e+03)	2.556252e+03	(5.608058e+02 8.688979e+01 -1.603418e+03)
3.03          	T             	3.000000e+02	(4.476930e+02 1.838970e+02 -1.604003e+03)	2.558062e+03	(5.608058e+02 8.688979e+01 -1.603418e+03)
3.04          	T             	3.000000e+02	(4.476930e+02 1.838970e+02 -1.604003e+03)	2.559869e+03	(5.608058e+02 8.688979e+01 -1.603418e+03)
3.05          	T             	3.000000e+02	(4.476930e+02 1.838970e+02 -1.604003e+03)	2.561674e+03	(5.608058e+02 8.688979e+01 -1.603418e+03)
3.06          	T             	3.000000e+02	(4.476930e+02 1.838970e+02 -1.604003e+03)	2.563479e+03	(5.608058e+02 8.688979e+01 -1.603418e+03)
3.07          	T             	3.000000e+02	(4.476930e+02 1.838970e+02 -1.604003e+03)	2.565281e+03	(5.608058e+02 8.688979e+01 -1.603418e+03)
3.08          	T             	3.000000e+02	(4.476930e+02 1.838970e+02 -1.604003e+03)	2.567081e+03	(5.608058e+02 8.688979e+01 -1.603418e+03)
3.09          	T             	3.000000e+02	(4.476930e+02 1.838970e+02 -1.604003e+03)	2.568879e+03	(5.608058e+02 8.688979e+01 -1.603418e+03)
3.1           	T             	3.000000e+02	(4.476930e+02 1.838970e+02 -1.604003e+03)	2.570674e+03	(5.608058e+02 8.688979e+01 -1.603418e+03)
3.11          	T             	3.000000e+02	(4.476930e+02 1.838970e+02 -1.604003e+03)	2.572466e+03	(5.608058e+02 8.688979e+01 -1.603418e+03)
3.12          	T             	3.000000e+02	(4.476930e+02 1.838970e+02 -1.604003e+03)	2.574256e+03	(5.608058e+02 8.688979e+01 -1.603418e+03)
3.13          	T             	3.000000e+02	(4.476930e+02 1.838970e+02 -1.604003e+03)	2.576043e+03	(5.608058e+02 8.688979e+01 -1.603418e+03)
3.14          	T             	3.000000e+02	(4.476930e+02 1.838970e+02 -1.604003e+03)	2.577828e+03	(5.608058e+02 8.688979e+01 -1.603418e+03)
3.15          	T             	3.000000e+02	(4.476930e+02 1.838970e+02 -1.604003e+03)	2.579611e+03	(5.608058e+02 8.688979e+01 -1.603418e+03)
3.16          	T             	3.000000e+02	(4.476930e+02 1.838970e+02 -1.604003e+03)	2.581391e+03	(5.608058e+02 8.688979e+01 -1.603418e+03)
3.17          	T             	3.000000e+02	(4.476930e+02 1.838970e+02 -1.604003e+03)	2.583168e+03	(5.608058e+02 8.688979e+01 -1.603418e+03)
3.18          	T             	3.000000e+02	(4.476930e+02 1.838970e+02 -1.604003e+03)	2.584942e+03	(5.608058e+02 8.688979e+01 -1.603418e+03)
3.19          	T             	3.000000e+02	(4.476930e+02 1.838970e+02 -1.604003e+03)	2.586714e+03	(5.608058e+02 8.688979e+01 -1.603418e+03)
3.2           	T             	3.000000e+02	(4.476930e+02 1.838970e+02 -1.604003e+03)	2.588483e+03	(5.608058e+02 8.688979e+01 -1.603418e+03)
3.21          	T             	3.000000e+02	(4.476930e+02 1.838970e+02 -1.604003e+03)	2.590249e+03	(5.608058e+02 8.688979e+01 -1.603418e+03)
3.22          	T             	3.000000e+02	(4.476930e+02 1.838970e+02 -1.604003e+03)	2.592013e+03	(5.608058e+02 8.688979e+01 -1.603418e+03)
3.23          	T             	3.000000e+02	(4.476930e+02 1.838970e+02 -1.604003e+03)	2.593775e+03	(5.608058e+02 8.688979e+01 -1.603418e+03)
3.24          	T             	3.000000e+02	(4.476930e+02 1.838970e+02 -1.604003e+03)	2.595534e+03	(5.608058e+02 8.688979e+01 -1.603418e+03)
3.25          	T             	3.000000e+02	(4.476930e+02 1.838970e+02 -1.604003e+03)	2.597290e+03	(5.608058e+02 8.688979e+01 -1.603418e+03)
3.26          	T             	3.000000e+02	(4.476930e+02 1.838970e+02 -1.604003e+03)	2.599044e+03	(5.608058e+02 8.688979e+01 -1.603418e+03)
3.27          	T             	3.000000e+02	(4.476930e+02 1.838970e+02 -1.604003e+03)	2.600795e+03	(5.608058e+02 8.688979e+01 -1.603418e+03)
3.28          	T             	3.000000e+02	(4.476930e+02 1.838970e+02 -1.604003e+03)	2.602543e+03	(5.608058e+02 8.688979e+01 -1.603418e+03)
3.29          	T             	3.000000e+02	(4.476930e+02 1.838970e+02 -1.604003e+03)	2.604286e+03	(5.608058e+02 8.688979e+01 -1.603418e+03)
3.3           	T             	3.000000e+02	(4.476930e+02 1.838970e+02 -1.604003e+03)	2.606026e+03	(5.608058e+02 8.688979e+01 -1.603418e+03)
3.31          	T             	3.000000e+02	(4.476930e+02 1.838970e+02 -1.604003e+03)	2.607763e+03	(5.608058e+02 8.688979e+01 -1.603418e+03)
3.32          	T             	3.000000e+02	(4.476930e+02 1.838970e+02 -1.604003e+03)	2.609496e+03	(5.608058e+02 8.688979e+01 -1.603418e+03)
3.33          	T             	3.000000e+02	(4.476930e+02 1.838970e+02 -1.604003e+03)	2.611226e+03	(5.608058e+02 8.688979e+01 -1.603418e+03)
3.34          	T             	3.000000e+02	(4.476930e+02 1.838970e+02 -1.604003e+03)	2.612951e+03	(5.608058e+02 8.688979e+01 -1.603418e+03)
3.35          	T             	3.000000e+02	(4.476930e+02 1.838970e+02 -1.604003e+03)	2.614674e+03	(5.608058e+02 8.688979e+01 -1.603418e+03)
3.36          	T             	3.000000e+02	(4.476930e+02 1.838970e+02 -1.604003e+03)	2.616393e+03	(5.608058e+02 8.688979e+01 -1.603418e+03)
3.37          	T             	3.000000e+02	(4.476930e+02 1.838970e+02 -1.604003e+03)	2.618108e+03	(5.608058e+02 8.688979e+01 -1.603418e+03)
3.38          	T             	3.000000e+02	(4.476930e+02 1.838970e+02 -1.604003e+03)	2.619817e+03	(5.608058e+02 8.688979e+01 -1.603418e+03)
3.39          	T             	3.000000e+02	(4.476930e+02 1.838970e+02 -1.604003e+03)	2.621521e+03	(5.608058e+02 8.688979e+01 -1.603418e+03)
3.4           	T             	3.000000e+02	(4.476930e+02 1.838970e+02 -1.604003e+03)	2.623222e+03	(5.608058e+02 8.688979e+01 -1.603418e+03)
3.41          	T             	3.000000e+02	(4.476930e+02 1.838970e+02 -1.604003e+03)	2.624918e+03	(5.608058e+02 8.688979e+01 -1.603418e+03)
3.42          	T             	3.000000e+02	(4.476930e+02 1.838970e+02 -1.604003e+03)	2.626611e+03	(5.608058e+02 8.688979e+01 -1.603418e+03)
3.43          	T             	3.000000e+02	(4.476930e+02 1.838970e+02 -1.604003e+03)	2.628300e+03	(5.608058e+02 8.688979e+01 -1.603418e+03)
3.44          	T             	3.000000e+02	(4.476930e+02 1.838970e+02 -1.604003e+03)	2.629986e+03	(5.608058e+02 8.688979e+01 -1.603418e+03)
3.45          	T             	3.000000e+02	(4.476930e+02 1.838970e+02 -1.604003e+03)	2.631669e+03	(5.608058e+02 8.688979e+01 -1.603418e+03)
3.46          	T             	3.000000e+02	(4.476930e+02 1.838970e+02 -1.604003e+03)	2.633349e+03	(5.608058e+02 8.688979e+01 -1.603418e+03)
3.47          	T             	3.000000e+02	(4.476930e+02 1.838970e+02 -1.604003e+03)	2.635027e+03	(5.608058e+02 8.688979e+01 -1.603418e+03)
3.48          	T             	3.000000e+02	(4.476930e+02 1.838970e+02 -1.604003e+03)	2.636702e+03	(5.608058e+02 8.688979e+01 -1.603418e+03)
3.49          	T             	3.000000e+02	(4.476930e+02 1.838970e+02 -1.604003e+03)	2.638374e+03	(5.608058e+02 8.688979e+01 -1.603418e+03)
3.5           	T             	3.000000e+02	(4.476930e+02 1.838970e+02 -1.604003e+03)	2.640043e+03	(5.608058e+02 8.688979e+01 -1.603418e+03)
3.51          	T             	3.000000e+02	(4.476930e+02 1.838970e+02 -1.604003e+03)	2.641710e+03	(5.608058e+02 8.688979e+01 -1.603418e+03)
3.52          	T             	3.000000e+02	(4.476930e+02 1.838970e+02 -1.604003e+03)	2.643374e+03	(5.608058e+02 8.688979e+01 -1.603418e+03)
3.53          	T             	3.000000e+02	(4.476930e+02 1.838970e+02 -1.604003e+03)	2.645036e+03	(5.608058e+02 8.688979e+01 -1.603418e+03)
3.54          	T             	3.000000e+02	(4.476930e+02 1.838970e+02 -1.604003e+03)	2.646696e+03	(5.608058e+02 8.688979e+01 -1.603418e+03)
3.55          	T             	3.000000e+02	(4.476930e+02 1.838970e+02 -1.604003e+03)	2.648353e+03	(5.608058e+02 8.688979e+01 -1.603418e+03)
3.56          	T             	3.000000e+02	(4.476930e+02 1.838970e+02 -1.604003e+03)	2.650008e+03	(5.608058e+02 8.688979e+01 -1.603418e+03)
3.57          	T             	3.000000e+02	(4.476930e+02 1.838970e+02 -1.604003e+03)	2.651660e+03	(5.608058e+02 8.688979e+01 -1.603418e+03)
3.58          	T             	3.000000e+02	(4.476930e+02 1.838970e+02 -1.604003e+03)	2.653309e+03	(5.608058e+02 8.688979e+01 -1.603418e+03)
3.59          	T             	3.000000e+02	(4.476930e+02 1.838970e+02 -1.604003e+03)	2.654957e+03	(5.608058e+02 8.688979e+01 -1.603418e+03)
3.6           	T             	3.000000e+02	(4.476930e+02 1.838970e+02 -1.604003e+03)	2.656602e+03	(5.608058e+02 8.688979e+01 -1.603418e+03)
3.61          	T             	3.000000e+02	(4.476930e+02 1.838970e+02 -1.604003e+03)	2.658245e+03	(5.608058e+02 8.688979e+01 -1.603418e+03)
3.62          	T             	3.000000e+02	(4.476930e+02 1.838970e+02 -1.604003e+03)	2.659887e+03	(5.608058e+02 8.688979e+01 -1.603418e+03)
3.63          	T             	3.000000e+02	(4.476930e+02 1.838970e+02 -1.604003e+03)	2.661525e+03	(5.608058e+02 8.688979e+01 -1.603418e+03)
3.64          	T             	3.000000e+02	(4.476930e+02 1.838970e+02 -1.604003e+03)	2.663160e+03	(5.608058e+02 8.688979e+01 -1.603418e+03)
3.65          	T             	3.000000e+02	(4.476930e+02 1.838970e+02 -1.604003e+03)	2.664793e+03	(5.608058e+02 8.688979e+01 -1.603418e+03)
3.66          	T             	3.000000e+02	(4.476930e+02 1.838970e+02 -1.604003e+03)	2.666422e+03	(5.608058e+02 8.688979e+01 -1.603418e+03)
3.67          	T             	3.000000e+02	(4.476930e+02 1.838970e+02 -1.604003e+03)	2.668049e+03	(5.608058e+02 8.688979e+01 -1.603418e+03)
3.68          	T             	3.000000e+02	(4.476930e+02 1.838970e+02 -1.604003e+03)	2.669672e+03	(5.608058e+02 8.688979e+01 -1.603418e+03)
3.69          	T             	3.000000e+02	(4.476930e+02 1.838970e+02 -1.604003e+03)	2.671294e+03	(5.608058e+02 8.688979e+01 -1.603418e+03)
3.7           	T             	3.000000e+02	(4.476930e+02 1.838970e+02 -1.604003e+03)	2.672912e+03	(5.608058e+02 8.688979e+01 -1.603418e+03)
3.71          	T             	3.000000e+02	(4.476930e+02 1.838970e+02 -1.604003e+03)	2.674528e+03	(5.608058e+02 8.688979e+01 -1.603418e+03)
3.72          	T             	3.000000e+02	(4.476930e+02 1.838970e+02 -1.604003e+03)	2.676141e+03	(5.608058e+02 8.688979e+01 -1.603418e+03)
3.73          	T             	3.000000e+02	(4.476930e+02 1.838970e+02 -1.604003e+03)	2.677751e+03	(5.608058e+02 8.688979e+01 -1.603418e+03)
3.74          	T             	3.000000e+02	(4.476930e+02 1.838970e+02 -1.604003e+03)	2.679360e+03	(5.608058e+02 8.688979e+01 -1.603418e+03)
3.75          	T             	3.000000e+02	(4.476930e+02 1.838970e+02 -1.604003e+03)	2.680966e+03	(5.608058e+02 8.688979e+01 -1.603418e+03)
3.76          	T             	3.000000e+02	(4.476930e+02 1.838970e+02 -1.604003e+03)	2.682569e+03	(5.608058e+02 8.688979e+01 -1.603418e+03)
3.77          	T             	3.000000e+02	(4.476930e+02 1.838970e+02 -1.604003e+03)	2.684171e+03	(5.608058e+02 8.688979e+01 -1.603418e+03)
3.78          	T             	3.000000e+02	(4.476930e+02 1.838970e+02 -1.604003e+03)	2.685770e+03	(5.608058e+02 8.688979e+01 -1.603418e+03)
3.79          	T             	3.000000e+02	(4.476930e+02 1.838970e+02 -1.604003e+03)	2.687367e+03	(5.608058e+02 8.688979e+01 -1.603418e+03)
3.8           	T             	3.000000e+02	(4.476930e+02 1.838970e+02 -1.604003e+03)	2.688962e+03	(5.608058e+02 8.688979e+01 -1.603418e+03)
3.81          	T             	3.000000e+02	(4.476930e+02 1.838970e+02 -1.604003e+03)	2.690555e+03	(5.608058e+02 8.688979e+01 -1.603418e+03)
3.82          	T             	3.000000e+02	(4.476930e+02 1.838970e+02 -1.604003e+03)	2.692145e+03	(5.608058e+02 8.688979e+01 -1.603418e+03)
3.83          	T             	3.000000e+02	(4.476930e+02 1.838970e+02 -1.604003e+03)	2.693733e+03	(5.608058e+02 8.688979e+01 -1.603418e+03)
3.84          	T             	3.000000e+02	(4.476930e+02 1.838970e+02 -1.604003e+03)	2.695319e+03	(5.608058e+02 8.688979e+01 -1.603418e+03)
3.85          	T             	3.000000e+02	(4.476930e+02 1.838970e+02 -1.604003e+03)	2.696903e+03	(5.608058e+02 8.688979e+01 -1.603418e+03)
3.86          	T             	3.000000e+02	(4.476930e+02 1.838970e+02 -1.604003e+03)	2.698485e+03	(5.608058e+02 8.688979e+01 -1.603418e+03)
3.87          	T             	3.000000e+02	(4.476930e+02 1.838970e+02 -1.604003e+03)	2.700064e+03	(5.608058e+02 8.688979e+01 -1.603418e+03)
3.88          	T             	3.000000e+02	(4.476930e+02 1.838970e+02 -1.604003e+03)	2.701641e+03	(5.608058e+02 8.688979e+01 -1.603418e+03)
3.89          	T             	3.000000e+02	(4.476930e+02 1.838970e+02 -1.604003e+03)	2.703214e+03	(5.608058e+02 8.688979e+01 -1.603418e+03)
3.9           	T             	3.000000e+02	(4.476930e+02 1.838970e+02 -1.604003e+03)	2.704783e+03	(5.608058e+02 8.688979e+01 -1.603418e+03)
3.91          	T             	3.000000e+02	(4.476930e+02 1.838970e+02 -1.604003e+03)	2.706350e+03	(5.608058e+02 8.688979e+01 -1.603418e+03)
3.92          	T             	3.000000e+02	(4.476930e+02 1.838970e+02 -1.604003e+03)	2.707914e+03	(5.608058e+02 8.688979e+01 -1.603418e+03)
3.93          	T             	3.000000e+02	(4.476930e+02 1.838970e+02 -1.604003e+03)	2.709475e+03	(5.608058e+02 8.688979e+01 -1.603418e+03)
3.94          	T             	3.000000e+02	(4.476930e+02 1.838970e+02 -1.604003e+03)	2.711034e+03	(5.608058e+02 8.688979e+01 -1.603418e+03)
3.95          	T             	3.000000e+02	(4.476930e+02 1.838970e+02 -1.604003e+03)	2.712590e+03	(5.608058e+02 8.688979e+01 -1.603418e+03)
3.96          	T             	3.000000e+02	(4.476930e+02 1.838970e+02 -1.604003e+03)	2.714145e+03	(5.608058e+02 8.688979e+01 -1.603418e+03)
3.97          	T             	3.000000e+02	(4.476930e+02 1.838970e+02 -1.604003e+03)	2.715697e+03	(5.608058e+02 8.688979e+01 -1.603418e+03)
3.98          	T             	3.000000e+02	(4.476930e+02 1.838970e+02 -1.604003e+03)	2.717247e+03	(5.608058e+02 8.688979e+01 -1.603418e+03)
3.99          	T             	3.000000e+02	(4.476930e+02 1.838970e+02 -1.604003e+03)	2.718795e+03	(5.608058e+02 8.688979e+01 -1.603418e+03)
4             	T             	3.000000e+02	(4.476930e+02 1.838970e+02 -1.604003e+03)	2.720341e+03	(5.608058e+02 8.688979e+01 -1.603418e+03)
4.01          	T             	3.000000e+02	(4.476930e+02 1.838970e+02 -1.604003e+03)	2.721885e+03	(5.608058e+02 8.688979e+01 -1.603418e+03)
4.02          	T             	3.000000e+02	(4.476930e+02 1.838970e+02 -1.604003e+03)	2.723427e+03	(5.608058e+02 8.688979e+01 -1.603418e+03)
4.03          	T             	3.000000e+02	(4.476930e+02 1.838970e+02 -1.604003e+03)	2.724968e+03	(5.608058e+02 8.688979e+01 -1.603418e+03)
4.04          	T             	3.000000e+02	(4.476930e+02 1.838970e+02 -1.604003e+03)	2.726506e+03	(5.608058e+02 8.688979e+01 -1.603418e+03)
4.05          	T             	3.000000e+02	(4.476930e+02 1.838970e+02 -1.604003e+03)	2.728043e+03	(5.608058e+02 8.688979e+01 -1.603418e+03)
4.06          	T             	3.000000e+02	(4.476930e+02 1.838970e+02 -1.604003e+03)	2.729578e+03	(5.608058e+02 8.688979e+01 -1.603418e+03)
4.07          	T             	3.000000e+02	(4.476930e+02 1.838970e+02 -1.604003e+03)	2.731112e+03	(5.608058e+02 8.688979e+01 -1.603418e+03)
4.08          	T             	3.000000e+02	(4.476930e+02 1.838970e+02 -1.604003e+03)	2.732645e+03	(5.608058e+02 8.688979e+01 -1.603418e+03)
4.09          	T             	3.000000e+02	(4.476930e+02 1.838970e+02 -1.604003e+03)	2.734175e+03	(5.608058e+02 8.688979e+01 -1.603418e+03)
4.1           	T             	3.000000e+02	(4.476930e+02 1.838970e+02 -1.604003e+03)	2.735702e+03	(5.608058e+02 8.688979e+01 -1.603418e+03)
4.11          	T             	3.000000e+02	(4.476930e+02 1.838970e+02 -1.604003e+03)	2.737226e+03	(5.608058e+02 8.688979e+01 -1.603418e+03)
4.12          	T             	3.000000e+02	(4.476930e+02 1.838970e+02 -1.604003e+03)	2.738748e+03	(5.608058e+02 8.688979e+01 -1.603418e+03)
4.13          	T             	3.000000e+02	(4.476930e+02 1.838970e+02 -1.604003e+03)	2.740267e+03	(5.608058e+02 8.688979e+01 -1.603418e+03)
4.14          	T             	3.000000e+02	(4.476930e+02 1.838970e+02 -1.604003e+03)	2.741783e+03	(5.608058e+02 8.688979e+01 -1.603418e+03)
4.15          	T             	3.000000e+02	(4.476930e+02 1.838970e+02 -1.604003e+03)	2.743298e+03	(5.608058e+02 8.688979e+01 -1.603418e+03)
4.16          	T             	3.000000e+02	(4.476930e+02 1.838970e+02 -1.604003e+03)	2.744810e+03	(5.608058e+02 8.688979e+01 -1.603418e+03)
4.17          	T             	3.000000e+02	(4.476930e+02 1.838970e+02 -1.604003e+03)	2.746320e+03	(5.608058e+02 8.688979e+01 -1.603418e+03)
4.18          	T             	3.000000e+02	(4.476930e+02 1.838970e+02 -1.604003e+03)	2.747828e+03	(5.608058e+02 8.688979e+01 -1.603418e+03)
4.19          	T             	3.000000e+02	(4.476930e+02 1.838970e+02 -1.604003e+03)	2.749334e+03	(5.608058e+02 8.688979e+01 -1.603418e+03)
4.2           	T             	3.000000e+02	(4.476930e+02 1.838970e+02 -1.604003e+03)	2.750839e+03	(5.608058e+02 8.688979e+01 -1.603418e+03)
4.21          	T             	3.000000e+02	(4.476930e+02 1.838970e+02 -1.604003e+03)	2.752343e+03	(5.608058e+02 8.688979e+01 -1.603418e+03)
4.22          	T             	3.000000e+02	(4.476930e+02 1.838970e+02 -1.604003e+03)	2.753845e+03	(5.608058e+02 8.688979e+01 -1.603418e+03)
4.23          	T             	3.000000e+02	(4.476930e+02 1.838970e+02 -1.604003e+03)	2.755345e+03	(5.608058e+02 8.688979e+01 -1.603418e+03)
4.24          	T             	3.000000e+02	(4.476930e+02 1.838970e+02 -1.604003e+03)	2.756843e+03	(5.608058e+02 8.688979e+01 -1.603418e+03)
4.25          	T             	3.000000e+02	(4.476930e+02 1.838970e+02 -1.604003e+03)	2.758340e+03	(5.608058e+02 8.688979e+01 -1.603418e+03)
4.26          	T             	3.000000e+02	(4.476930e+02 1.838970e+02 -1.604003e+03)	2.759835e+03	(5.608058e+02 8.688979e+01 -1.603418e+03)
4.27          	T             	3.000000e+02	(4.476930e+02 1.838970e+02 -1.604003e+03)	2.761328e+03	(5.608058e+02 8.688979e+01 -1.603418e+03)
4.28          	T             	3.000000e+02	(4.476930e+02 1.838970e+02 -1.604003e+03)	2.762820e+03	(5.608058e+02 8.688979e+01 -1.603418e+03)
4.29          	T             	3.000000e+02	(4.476930e+02 1.838970e+02 -1.604003e+03)	2.764310e+03	(5.608058e+02 8.688979e+01 -1.603418e+03)
4.3           	T             	3.000000e+02	(4.476930e+02 1.838970e+02 -1.604003e+03)	2.765798e+03	(5.608058e+02 8.688979e+01 -1.603418e+03)
4.31          	T             	3.000000e+02	(4.476930e+02 1.838970e+02 -1.604003e+03)	2.767284e+03	(5.608058e+02 8.688979e+01 -1.603418e+03)
4.32          	T             	3.000000e+02	(4.476930e+02 1.838970e+02 -1.604003e+03)	2.768769e+03	(5.608058e+02 8.688979e+01 -1.603418e+03)
4.33          	T             	3.000000e+02	(4.476930e+02 1.838970e+02 -1.604003e+03)	2.770253e+03	(5.608058e+02 8.688979e+01 -1.603418e+03)
4.34          	T             	3.000000e+02	(4.476930e+02 1.838970e+02 -1.604003e+03)	2.771734e+03	(5.608058e+02 8.688979e+01 -1.603418e+03)
4.35          	T             	3.000000e+02	(4.476930e+02 1.838970e+02 -1.604003e+03)	2.773214e+03	(5.608058e+02 8.688979e+01 -1.603418e+03)
4.36          	T             	3.000000e+02	(4.476930e+02 1.838970e+02 -1.604003e+03)	2.774693e+03	(5.608058e+02 8.688979e+01 -1.603418e+03)
4.37          	T             	3.000000e+02	(4.476930e+02 1.838970e+02 -1.604003e+03)	2.776169e+03	(5.608058e+02 8.688979e+01 -1.603418e+03)
4.38          	T             	3.000000e+02	(4.476930e+02 1.838970e+02 -1.604003e+03)	2.777644e+03	(5.608058e+02 8.688979e+01 -1.603418e+03)
4.39          	T             	3.000000e+02	(4.476930e+02 1.838970e+02 -1.604003e+03)	2.779112e+03	(5.608058e+02 8.688979e+01 -1.603418e+03)
4.4           	T             	3.000000e+02	(4.476930e+02 1.838970e+02 -1.604003e+03)	2.780580e+03	(5.608058e+02 8.688979e+01 -1.603418e+03)
4.41          	T             	3.000000e+02	(4.476930e+02 1.838970e+02 -1.604003e+03)	2.782048e+03	(5.608058e+02 8.688979e+01 -1.603418e+03)
4.42          	T             	3.000000e+02	(4.476930e+02 1.838970e+02 -1.604003e+03)	2.783515e+03	(5.608058e+02 8.688979e+01 -1.603418e+03)
4.43          	T             	3.000000e+02	(4.476930e+02 1.838970e+02 -1.604003e+03)	2.784981e+03	(5.608058e+02 8.688979e+01 -1.603418e+03)
4.44          	T             	3.000000e+02	(4.476930e+02 1.838970e+02 -1.604003e+03)	2.786445e+03	(5.608058e+02 8.688979e+01 -1.603418e+03)
4.45          	T             	3.000000e+02	(4.476930e+02 1.838970e+02 -1.604003e+03)	2.787908e+03	(5.608058e+02 8.688979e+01 -1.603418e+03)
4.46          	T             	3.000000e+02	(4.476930e+02 1.838970e+02 -1.604003e+03)	2.789369e+03	(5.608058e+02 8.688979e+01 -1.603418e+03)
4.47          	T             	3.000000e+02	(4.476930e+02 1.838970e+02 -1.604003e+03)	2.790828e+03	(5.608058e+02 8.688979e+01 -1.603418e+03)
4.48          	T             	3.000000e+02	(4.476930e+02 1.838970e+02 -1.604003e+03)	2.792286e+03	(5.608058e+02 8.688979e+01 -1.603418e+03)
4.49          	T             	3.000000e+02	(4.476930e+02 1.838970e+02 -1.604003e+03)	2.793742e+03	(5.608058e+02 8.688979e+01 -1.603418e+03)
4.5           	T             	3.000000e+02	(4.476930e+02 1.838970e+02 -1.604003e+03)	2.795196e+03	(5.608058e+02 8.688979e+01 -1.603418e+03)
4.51          	T             	3.000000e+02	(4.476930e+02 1.838970e+02 -1.604003e+03)	2.796648e+03	(5.608058e+02 8.688979e+01 -1.603418e+03)
4.52          	T             	3.000000e+02	(4.476930e+02 1.838970e+02 -1.604003e+03)	2.798098e+03	(5.608058e+02 8.688979e+01 -1.603418e+03)
4.53          	T             	3.000000e+02	(4.476930e+02 1.838970e+02 -1.604003e+03)	2.799546e+03	(5.608058e+02 8.688979e+01 -1.603418e+03)
4.54          	T             	3.000000e+02	(4.476930e+02 1.838970e+02 -1.604003e+03)	2.800992e+03	(5.608058e+02 8.688979e+01 -1.603418e+03)
4.55          	T             	3.000000e+02	(4.476930e+02 1.838970e+02 -1.604003e+03)	2.802434e+03	(5.608058e+02 8.688979e+01 -1.603418e+03)
4.56          	T             	3.000000e+02	(4.476930e+02 1.838970e+02 -1.604003e+03)	2.803872e+03	(5.608058e+02 8.688979e+01 -1.603418e+03)
4.57          	T             	3.000000e+02	(4.476930e+02 1.838970e+02 -1.604003e+03)	2.805307e+03	(5.608058e+02 8.688979e+01 -1.603418e+03)
4.58          	T             	3.000000e+02	(4.476930e+02 1.838970e+02 -1.604003e+03)	2.806740e+03	(5.608058e+02 8.688979e+01 -1.603418e+03)
4.59          	T             	3.000000e+02	(4.476930e+02 1.838970e+02 -1.604003e+03)	2.808169e+03	(5.608058e+02 8.688979e+01 -1.603418e+03)
4.6           	T             	3.000000e+02	(4.476930e+02 1.838970e+02 -1.604003e+03)	2.809597e+03	(5.608058e+02 8.688979e+01 -1.603418e+03)
4.61          	T             	3.000000e+02	(4.476930e+02 1.838970e+02 -1.604003e+03)	2.811022e+03	(5.608058e+02 8.688979e+01 -1.603418e+03)
4.62          	T             	3.000000e+02	(4.476930e+02 1.838970e+02 -1.604003e+03)	2.812445e+03	(5.608058e+02 8.688979e+01 -1.603418e+03)
4.63          	T             	3.000000e+02	(4.476930e+02 1.838970e+02 -1.604003e+03)	2.813866e+03	(5.608058e+02 8.688979e+01 -1.603418e+03)
4.64          	T             	3.000000e+02	(4.476930e+02 1.838970e+02 -1.604003e+03)	2.815285e+03	(5.608058e+02 8.688979e+01 -1.603418e+03)
4.65          	T             	3.000000e+02	(4.476930e+02 1.838970e+02 -1.604003e+03)	2.816702e+03	(5.608058e+02 8.688979e+01 -1.603418e+03)
4.66          	T             	3.000000e+02	(4.476930e+02 1.838970e+02 -1.604003e+03)	2.818117e+03	(5.608058e+02 8.688979e+01 -1.603418e+03)
4.67          	T             	3.000000e+02	(4.476930e+02 1.838970e+02 -1.604003e+03)	2.819531e+03	(5.608058e+02 8.688979e+01 -1.603418e+03)
4.68          	T             	3.000000e+02	(4.476930e+02 1.838970e+02 -1.604003e+03)	2.820944e+03	(5.608058e+02 8.688979e+01 -1.603418e+03)
4.69          	T             	3.000000e+02	(4.476930e+02 1.838970e+02 -1.604003e+03)	2.822356e+03	(5.608058e+02 8.688979e+01 -1.603418e+03)
4.7           	T             	3.000000e+02	(4.476930e+02 1.838970e+02 -1.604003e+03)	2.823768e+03	(5.608058e+02 8.688979e+01 -1.603418e+03)
4.71          	T             	3.000000e+02	(4.476930e+02 1.838970e+02 -1.604003e+03)	2.825179e+03	(5.608058e+02 8.688979e+01 -1.603418e+03)
4.72          	T             	3.000000e+02	(4.476930e+02 1.838970e+02 -1.604003e+03)	2.826589e+03	(5.608058e+02 8.688979e+01 -1.603418e+03)
4.73          	T             	3.000000e+02	(4.476930e+02 1.838970e+02 -1.604003e+03)	2.827998e+03	(5.608058e+02 8.688979e+01 -1.603418e+03)
4.74          	T             	3.000000e+02	(4.476930e+02 1.838970e+02 -1.604003e+03)	2.829406e+03	(5.608058e+02 8.688979e+01 -1.603418e+03)
4.75          	T             	3.000000e+02	(4.476930e+02 1.838970e+02 -1.604003e+03)	2.830813e+03	(5.608058e+02 8.688979e+01 -1.603418e+03)
4.76          	T             	3.000000e+02	(4.476930e+02 1.838970e+02 -1.604003e+03)	2.832219e+03	(5.608058e+02 8.688979e+01 -1.603418e+03)
4.77          	T             	3.000000e+02	(4.476930e+02 1.838970e+02 -1.604003e+03)	2.833624e+03	(5.608058e+02 8.688979e+01 -1.603418e+03)
4.78          	T             	3.000000e+02	(4.476930e+02 1.838970e+02 -1.604003e+03)	2.835027e+03	(5.608058e+02 8.688979e+01 -1.603418e+03)
4.79          	T             	3.000000e+02	(4.476930e+02 1.838970e+02 -1.604003e+03)	2.836430e+03	(5.608058e+02 8.688979e+01 -1.603418e+03)
4.8           	T             	3.000000e+02	(4.476930e+02 1.838970e+02 -1.604003e+03)	2.837832e+03	(5.608058e+02 8.688979e+01 -1.603418e+03)
4.81          	T             	3.000000e+02	(4.476930e+02 1.838970e+02 -1.604003e+03)	2.839232e+03	(5.608058e+02 8.688979e+01 -1.603418e+03)
4.82          	T             	3.000000e+02	(4.476930e+02 1.838970e+02 -1.604003e+03)	2.840632e+03	(5.608058e+02 8.688979e+01 -1.603418e+03)
4.83          	T             	3.000000e+02	(4.476930e+02 1.838970e+02 -1.604003e+03)	2.842030e+03	(5.608058e+02 8.688979e+01 -1.603418e+03)
4.84          	T             	3.000000e+02	(4.476930e+02 1.838970e+02 -1.604003e+03)	2.843427e+03	(5.608058e+02 8.688979e+01 -1.603418e+03)
4.85          	T             	3.000000e+02	(4.476930e+02 1.838970e+02 -1.604003e+03)	2.844824e+03	(5.608058e+02 8.688979e+01 -1.603418e+03)
4.86          	T             	3.000000e+02	(4.476930e+02 1.838970e+02 -1.604003e+03)	2.846220e+03	(5.608058e+02 8.688979e+01 -1.603418e+03)
4.87          	T             	3.000000e+02	(4.476930e+02 1.838970e+02 -1.604003e+03)	2.847615e+03	(5.608058e+02 8.688979e+01 -1.603418e+03)
4.88          	T             	3.000000e+02	(4.476930e+02 1.838970e+02 -1.604003e+03)	2.849007e+03	(5.608058e+02 8.688979e+01 -1.603418e+03)
4.89          	T             	3.000000e+02	(4.476930e+02 1.838970e+02 -1.604003e+03)	2.850397e+03	(5.608058e+02 8.688979e+01 -1.603418e+03)
4.9           	T             	3.000000e+02	(4.476930e+02 1.838970e+02 -1.604003e+03)	2.851785e+03	(5.608058e+02 8.688979e+01 -1.603418e+03)
4.91          	T             	3.000000e+02	(4.476930e+02 1.838970e+02 -1.604003e+03)	2.853170e+03	(5.608058e+02 8.688979e+01 -1.603418e+03)
4.92          	T             	3.000000e+02	(4.476930e+02 1.838970e+02 -1.604003e+03)	2.854554e+03	(5.608058e+02 8.688979e+01 -1.603418e+03)
4.93          	T             	3.000000e+02	(4.476930e+02 1.838970e+02 -1.604003e+03)	2.855936e+03	(5.608058e+02 8.688979e+01 -1.603418e+03)
4.94          	T             	3.000000e+02	(4.476930e+02 1.838970e+02 -1.604003e+03)	2.857316e+03	(5.608058e+02 8.688979e+01 -1.603418e+03)
4.95          	T             	3.000000e+02	(4.476930e+02 1.838970e+02 -1.604003e+03)	2.858694e+03	(5.608058e+02 8.688979e+01 -1.603418e+03)
4.96          	T             	3.000000e+02	(4.476930e+02 1.838970e+02 -1.604003e+03)	2.860070e+03	(5.608058e+02 8.688979e+01 -1.603418e+03)
4.97          	T             	3.000000e+02	(4.476930e+02 1.838970e+02 -1.604003e+03)	2.861445e+03	(5.608058e+02 8.688979e+01 -1.603418e+03)
4.98          	T             	3.000000e+02	(4.476930e+02 1.838970e+02 -1.604003e+03)	2.862818e+03	(5.608058e+02 8.688979e+01 -1.603418e+03)
4.99          	T             	3.000000e+02	(4.476930e+02 1.838970e+02 -1.604003e+03)	2.864189e+03	(5.608058e+02 8.688979e+01 -1.603418e+03)
5             	T             	3.000000e+02	(4.476930e+02 1.838970e+02 -1.604003e+03)	2.865558e+03	(5.608058e+02 8.688979e+01 -1.603418e+03)
5.01          	T             	3.000000e+02	(4.476930e+02 1.838970e+02 -1.604003e+03)	2.464716e+03	(5.499417e+02 1.323049e+02 -1.603567e+03)
5.02          	T             	3.000000e+02	(4.476930e+02 1.838970e+02 -1.604003e+03)	2.419180e+03	(5.496977e+02 1.329196e+02 -1.603556e+03)
5.03          	T             	3.000000e+02	(4.476930e+02 1.838970e+02 -1.604003e+03)	2.375369e+03	(5.496977e+02 1.329196e+02 -1.603556e+03)
5.04          	T             	3.000000e+02	(4.476930e+02 1.838970e+02 -1.604003e+03)	2.334042e+03	(5.496977e+02 1.329196e+02 -1.603556e+03)
5.05          	T             	3.000000e+02	(4.476930e+02 1.838970e+02 -1.604003e+03)	2.295363e+03	(5.496977e+02 1.329196e+02 -1.603556e+03)
5.06          	T             	3.000000e+02	(4.476930e+02 1.838970e+02 -1.604003e+03)	2.259243e+03	(5.496977e+02 1.329196e+02 -1.603556e+03)
5.07          	T             	3.000000e+02	(4.476930e+02 1.838970e+02 -1.604003e+03)	2.225505e+03	(5.496977e+02 1.329196e+02 -1.603556e+03)
5.08          	T             	3.000000e+02	(4.476930e+02 1.838970e+02 -1.604003e+03)	2.193969e+03	(5.496977e+02 1.329196e+02 -1.603556e+03)
5.09          	T             	3.000000e+02	(4.476930e+02 1.838970e+02 -1.604003e+03)	2.164453e+03	(5.496977e+02 1.329196e+02 -1.603556e+03)
5.1           	T             	3.000000e+02	(4.476930e+02 1.838970e+02 -1.604003e+03)	2.136781e+03	(5.496977e+02 1.329196e+02 -1.603556e+03)
5.11          	T             	3.000000e+02	(4.476930e+02 1.838970e+02 -1.604003e+03)	2.110794e+03	(5.496977e+02 1.329196e+02 -1.603556e+03)
5.12          	T             	3.000000e+02	(4.476930e+02 1.838970e+02 -1.604003e+03)	2.086345e+03	(5.496977e+02 1.329196e+02 -1.603556e+03)
5.13          	T             	3.000000e+02	(4.476930e+02 1.838970e+02 -1.604003e+03)	2.063294e+03	(5.496977e+02 1.329196e+02 -1.603556e+03)
5.14          	T             	3.000000e+02	(4.476930e+02 1.838970e+02 -1.604003e+03)	2.041520e+03	(5.496977e+02 1.329196e+02 -1.603556e+03)
5.15          	T             	3.000000e+02	(4.476930e+02 1.838970e+02 -1.604003e+03)	2.020916e+03	(5.496977e+02 1.329196e+02 -1.603556e+03)
5.16          	T             	3.000000e+02	(4.476930e+02 1.838970e+02 -1.604003e+03)	2.001383e+03	(5.496977e+02 1.329196e+02 -1.603556e+03)
5.17          	T             	3.000000e+02	(4.476930e+02 1.838970e+02 -1.604003e+03)	1.982832e+03	(5.496977e+02 1.329196e+02 -1.603556e+03)
5.18          	T             	3.000000e+02	(4.476930e+02 1.838970e+02 -1.604003e+03)	1.965179e+03	(5.496977e+02 1.329196e+02 -1.603556e+03)
5.19          	T             	3.000000e+02	(4.476930e+02 1.838970e+02 -1.604003e+03)	1.948349e+03	(5.496977e+02 1.329196e+02 -1.603556e+03)
5.2           	T             	3.000000e+02	(4.476930e+02 1.838970e+02 -1.604003e+03)	1.932280e+03	(5.496977e+02 1.329196e+02 -1.603556e+03)
5.21          	T             	3.000000e+02	(4.476930e+02 1.838970e+02 -1.604003e+03)	1.916912e+03	(5.496977e+02 1.329196e+02 -1.603556e+03)
5.22          	T             	3.000000e+02	(4.476930e+02 1.838970e+02 -1.604003e+03)	1.902192e+03	(5.496977e+02 1.329196e+02 -1.603556e+03)
5.23          	T             	3.000000e+02	(4.476930e+02 1.838970e+02 -1.604003e+03)	1.888074e+03	(5.496977e+02 1.329196e+02 -1.603556e+03)
5.24          	T             	3.000000e+02	(4.476930e+02 1.838970e+02 -1.604003e+03)	1.874513e+03	(5.496977e+02 1.329196e+02 -1.603556e+03)
5.25          	T             	3.000000e+02	(4.476930e+02 1.838970e+02 -1.604003e+03)	1.861468e+03	(5.496977e+02 1.329196e+02 -1.603556e+03)
5.26          	T             	3.000000e+02	(4.476930e+02 1.838970e+02 -1.604003e+03)	1.848905e+03	(5.496977e+02 1.329196e+02 -1.603556e+03)
5.27          	T             	3.000000e+02	(4.476930e+02 1.838970e+02 -1.604003e+03)	1.836791e+03	(5.496977e+02 1.329196e+02 -1.603556e+03)
5.28          	T             	3.000000e+02	(4.476930e+02 1.838970e+02 -1.604003e+03)	1.825095e+03	(5.496977e+02 1.329196e+02 -1.603556e+03)
5.29          	T             	3.000000e+02	(4.476930e+02 1.838970e+02 -1.604003e+03)	1.813792e+03	(5.496977e+02 1.329196e+02 -1.603556e+03)
5.3           	T             	3.000000e+02	(4.476930e+02 1.838970e+02 -1.604003e+03)	1.802856e+03	(5.496977e+02 1.329196e+02 -1.603556e+03)
5.31          	T             	3.000000e+02	(4.476930e+02 1.838970e+02 -1.604003e+03)	1.792265e+03	(5.496977e+02 1.329196e+02 -1.603556e+03)
5.32          	T             	3.000000e+02	(4.476930e+02 1.838970e+02 -1.604003e+03)	1.781998e+03	(5.496977e+02 1.329196e+02 -1.603556e+03)
5.33          	T             	3.000000e+02	(4.476930e+02 1.838970e+02 -1.604003e+03)	1.772035e+03	(5.496977e+02 1.329196e+02 -1.603556e+03)
5.34          	T             	3.000000e+02	(4.476930e+02 1.838970e+02 -1.604003e+03)	1.762359e+03	(5.496977e+02 1.329196e+02 -1.603556e+03)
5.35          	T             	3.000000e+02	(4.476930e+02 1.838970e+02 -1.604003e+03)	1.752954e+03	(5.496977e+02 1.329196e+02 -1.603556e+03)
5.36          	T             	3.000000e+02	(4.476930e+02 1.838970e+02 -1.604003e+03)	1.743806e+03	(5.496977e+02 1.329196e+02 -1.603556e+03)
5.37          	T             	3.000000e+02	(4.476930e+02 1.838970e+02 -1.604003e+03)	1.734902e+03	(5.496977e+02 1.329196e+02 -1.603556e+03)
5.38          	T             	3.000000e+02	(4.476930e+02 1.838970e+02 -1.604003e+03)	1.726227e+03	(5.496977e+02 1.329196e+02 -1.603556e+03)
5.39          	T             	3.000000e+02	(4.476930e+02 1.838970e+02 -1.604003e+03)	1.717769e+03	(5.496977e+02 1.329196e+02 -1.603556e+03)
5.4           	T             	3.000000e+02	(4.476930e+02 1.838970e+02 -1.604003e+03)	1.709519e+03	(5.496977e+02 1.329196e+02 -1.603556e+03)
5.41          	T             	3.000000e+02	(4.476930e+02 1.838970e+02 -1.604003e+03)	1.701465e+03	(5.496977e+02 1.329196e+02 -1.603556e+03)
5.42          	T             	3.000000e+02	(4.476930e+02 1.838970e+02 -1.604003e+03)	1.693598e+03	(5.496977e+02 1.329196e+02 -1.603556e+03)
5.43          	T             	3.000000e+02	(4.476930e+02 1.838970e+02 -1.604003e+03)	1.685910e+03	(5.496977e+02 1.329196e+02 -1.603556e+03)
5.44          	T             	3.000000e+02	(4.476930e+02 1.838970e+02 -1.604003e+03)	1.678391e+03	(5.496977e+02 1.329196e+02 -1.603556e+03)
5.45          	T             	3.000000e+02	(4.476930e+02 1.838970e+02 -1.604003e+03)	1.671036e+03	(5.496977e+02 1.329196e+02 -1.603556e+03)
5.46          	T             	3.000000e+02	(4.476930e+02 1.838970e+02 -1.604003e+03)	1.663837e+03	(5.496977e+02 1.329196e+02 -1.603556e+03)
5.47          	T             	3.000000e+02	(4.476930e+02 1.838970e+02 -1.604003e+03)	1.656787e+03	(5.496977e+02 1.329196e+02 -1.603556e+03)
5.48          	T             	3.000000e+02	(4.476930e+02 1.838970e+02 -1.604003e+03)	1.649879e+03	(5.496977e+02 1.329196e+02 -1.603556e+03)
5.49          	T             	3.000000e+02	(4.476930e+02 1.838970e+02 -1.604003e+03)	1.643109e+03	(5.496977e+02 1.329196e+02 -1.603556e+03)
5.5           	T             	3.000000e+02	(4.476930e+02 1.838970e+02 -1.604003e+03)	1.636471e+03	(5.496977e+02 1.329196e+02 -1.603556e+03)
5.51          	T             	3.000000e+02	(4.476930e+02 1.838970e+02 -1.604003e+03)	1.629958e+03	(5.496977e+02 1.329196e+02 -1.603556e+03)
5.52          	T             	3.000000e+02	(4.476930e+02 1.838970e+02 -1.604003e+03)	1.623567e+03	(5.496977e+02 1.329196e+02 -1.603556e+03)
5.53          	T             	3.000000e+02	(4.476930e+02 1.838970e+02 -1.604003e+03)	1.617293e+03	(5.496977e+02 1.329196e+02 -1.603556e+03)
5.54          	T             	3.000000e+02	(4.476930e+02 1.838970e+02 -1.604003e+03)	1.611130e+03	(5.496977e+02 1.329196e+02 -1.603556e+03)
5.55          	T             	3.000000e+02	(4.476930e+02 1.838970e+02 -1.604003e+03)	1.605076e+03	(5.496977e+02 1.329196e+02 -1.603556e+03)
5.56          	T             	3.000000e+02	(4.476930e+02 1.838970e+02 -1.604003e+03)	1.599125e+03	(5.496977e+02 1.329196e+02 -1.603556e+03)
5.57          	T             	3.000000e+02	(4.476930e+02 1.838970e+02 -1.604003e+03)	1.593275e+03	(5.496977e+02 1.329196e+02 -1.603556e+03)
5.58          	T             	3.000000e+02	(4.476930e+02 1.838970e+02 -1.604003e+03)	1.587521e+03	(5.496977e+02 1.329196e+02 -1.603556e+03)
5.59          	T             	3.000000e+02	(4.476930e+02 1.838970e+02 -1.604003e+03)	1.581861e+03	(5.496977e+02 1.329196e+02 -1.603556e+03)
5.6           	T             	3.000000e+02	(4.476930e+02 1.838970e+02 -1.604003e+03)	1.576291e+03	(5.496977e+02 1.329196e+02 -1.603556e+03)
5.61          	T             	3.000000e+02	(4.476930e+02 1.838970e+02 -1.604003e+03)	1.570808e+03	(5.496977e+02 1.329196e+02 -1.603556e+03)
5.62          	T             	3.000000e+02	(4.476930e+02 1.838970e+02 -1.604003e+03)	1.565410e+03	(5.496977e+02 1.329196e+02 -1.603556e+03)
5.63          	T             	3.000000e+02	(4.476930e+02 1.838970e+02 -1.604003e+03)	1.560095e+03	(5.496977e+02 1.329196e+02 -1.603556e+03)
5.64          	T             	3.000000e+02	(4.476930e+02 1.838970e+02 -1.604003e+03)	1.554859e+03	(5.496977e+02 1.329196e+02 -1.603556e+03)
5.65          	T             	3.000000e+02	(4.476930e+02 1.838970e+02 -1.604003e+03)	1.549700e+03	(5.496977e+02 1.329196e+02 -1.603556e+03)
5.66          	T             	3.000000e+02	(4.476930e+02 1.838970e+02 -1.604003e+03)	1.544615e+03	(5.496977e+02 1.329196e+02 -1.603556e+03)
5.67          	T             	3.000000e+02	(4.476930e+02 1.838970e+02 -1.604003e+03)	1.539604e+03	(5.496977e+02 1.329196e+02 -1.603556e+03)
5.68          	T             	3.000000e+02	(4.476930e+02 1.838970e+02 -1.604003e+03)	1.534662e+03	(5.496977e+02 1.329196e+02 -1.603556e+03)
5.69          	T             	3.000000e+02	(4.476930e+02 1.838970e+02 -1.604003e+03)	1.530292e+03	(5.726128e+02 1.072161e+02 -1.602999e+03)
5.7           	T             	3.000000e+02	(4.476930e+02 1.838970e+02 -1.604003e+03)	1.526068e+03	(5.726128e+02 1.072161e+02 -1.602999e+03)
5.71          	T             	3.000000e+02	(4.476930e+02 1.838970e+02 -1.604003e+03)	1.521889e+03	(5.726128e+02 1.072161e+02 -1.602999e+03)
5.72          	T             	3.000000e+02	(4.476930e+02 1.838970e+02 -1.604003e+03)	1.517752e+03	(5.726128e+02 1.072161e+02 -1.602999e+03)
5.73          	T             	3.000000e+02	(4.476930e+02 1.838970e+02 -1.604003e+03)	1.513657e+03	(5.726128e+02 1.072161e+02 -1.602999e+03)
5.74          	T             	3.000000e+02	(4.476930e+02 1.838970e+02 -1.604003e+03)	1.509604e+03	(5.726128e+02 1.072161e+02 -1.602999e+03)
5.75          	T             	3.000000e+02	(4.476930e+02 1.838970e+02 -1.604003e+03)	1.505590e+03	(5.726128e+02 1.072161e+02 -1.602999e+03)
5.76          	T             	3.000000e+02	(4.476930e+02 1.838970e+02 -1.604003e+03)	1.501616e+03	(5.726128e+02 1.072161e+02 -1.602999e+03)
5.77          	T             	3.000000e+02	(4.476930e+02 1.838970e+02 -1.604003e+03)	1.497699e+03	(5.740407e+02 1.072281e+02 -1.602959e+03)
5.78          	T             	3.000000e+02	(4.476930e+02 1.838970e+02 -1.604003e+03)	1.493847e+03	(5.740407e+02 1.072281e+02 -1.602959e+03)
5.79          	T             	3.000000e+02	(4.476930e+02 1.838970e+02 -1.604003e+03)	1.490031e+03	(5.740407e+02 1.072281e+02 -1.602959e+03)
5.8           	T             	3.000000e+02	(4.476930e+02 1.838970e+02 -1.604003e+03)	1.486250e+03	(5.740407e+02 1.072281e+02 -1.602959e+03)
5.81          	T             	3.000000e+02	(4.476930e+02 1.838970e+02 -1.604003e+03)	1.482505e+03	(5.740407e+02 1.072281e+02 -1.602959e+03)
5.82          	T             	3.000000e+02	(4.476930e+02 1.838970e+02 -1.604003e+03)	1.478794e+03	(5.740407e+02 1.072281e+02 -1.602959e+03)
5.83          	T             	3.000000e+02	(4.476930e+02 1.838970e+02 -1.604003e+03)	1.475118e+03	(5.740407e+02 1.072281e+02 -1.602959e+03)
5.84          	T             	3.000000e+02	(4.476930e+02 1.838970e+02 -1.604003e+03)	1.471474e+03	(5.740407e+02 1.072281e+02 -1.602959e+03)
5.85          	T             	3.000000e+02	(4.476930e+02 1.838970e+02 -1.604003e+03)	1.467863e+03	(5.740407e+02 1.072281e+02 -1.602959e+03)
5.86          	T             	3.000000e+02	(4.476930e+02 1.838970e+02 -1.604003e+03)	1.464285e+03	(5.740407e+02 1.072281e+02 -1.602959e+03)
5.87          	T             	3.000000e+02	(4.476930e+02 1.838970e+02 -1.604003e+03)	1.460737e+03	(5.740407e+02 1.072281e+02 -1.602959e+03)
5.88          	T             	3.000000e+02	(4.476930e+02 1.838970e+02 -1.604003e+03)	1.457221e+03	(5.740407e+02 1.072281e+02 -1.602959e+03)
5.89          	T             	3.000000e+02	(4.476930e+02 1.838970e+02 -1.604003e+03)	1.453734e+03	(5.740407e+02 1.072281e+02 -1.602959e+03)
5.9           	T             	3.000000e+02	(4.476930e+02 1.838970e+02 -1.604003e+03)	1.450278e+03	(5.740407e+02 1.072281e+02 -1.602959e+03)
5.91          	T             	3.000000e+02	(4.476930e+02 1.838970e+02 -1.604003e+03)	1.446851e+03	(5.740407e+02 1.072281e+02 -1.602959e+03)
5.92          	T             	3.000000e+02	(4.476930e+02 1.838970e+02 -1.604003e+03)	1.443452e+03	(5.740407e+02 1.072281e+02 -1.602959e+03)
5.93          	T             	3.000000e+02	(4.476930e+02 1.838970e+02 -1.604003e+03)	1.440081e+03	(5.740407e+02 1.072281e+02 -1.602959e+03)
5.94          	T             	3.000000e+02	(4.476930e+02 1.838970e+02 -1.604003e+03)	1.436738e+03	(5.740407e+02 1.072281e+02 -1.602959e+03)
5.95          	T             	3.000000e+02	(4.476930e+02 1.838970e+02 -1.604003e+03)	1.433422e+03	(5.740407e+02 1.072281e+02 -1.602959e+03)
5.96          	T             	3.000000e+02	(4.476930e+02 1.838970e+02 -1.604003e+03)	1.430133e+03	(5.740407e+02 1.072281e+02 -1.602959e+03)
5.97          	T             	3.000000e+02	(4.476930e+02 1.838970e+02 -1.604003e+03)	1.426870e+03	(5.740407e+02 1.072281e+02 -1.602959e+03)
5.98          	T             	3.000000e+02	(4.476930e+02 1.838970e+02 -1.604003e+03)	1.423633e+03	(5.740407e+02 1.072281e+02 -1.602959e+03)
5.99          	T             	3.000000e+02	(4.476930e+02 1.838970e+02 -1.604003e+03)	1.420420e+03	(5.740407e+02 1.072281e+02 -1.602959e+03)
6             	T             	3.000000e+02	(4.476930e+02 1.838970e+02 -1.604003e+03)	1.417233e+03	(5.740407e+02 1.072281e+02 -1.602959e+03)
